#mc_id,pct_full,cell_generation,num_cells
0,0.25,2,1
0,0.25,3,6
0,0.25,4,11
0,0.25,5,16
0,0.25,6,16
0,0.25,7,7
0,0.25,8,4
0,0.25,9,2
0,0.25,10,1
0,0.5,4,1
0,0.5,5,8
0,0.5,6,18
0,0.5,7,31
0,0.5,8,33
0,0.5,9,18
0,0.5,10,9
0,0.5,11,3
0,0.5,12,4
0,0.5,13,2
0,0.5,14,1
0,0.75,5,1
0,0.75,6,6
0,0.75,7,9
0,0.75,8,23
0,0.75,9,31
0,0.75,10,35
0,0.75,11,41
0,0.75,12,27
0,0.75,13,7
0,0.75,14,4
0,0.75,15,4
0,0.75,16,2
0,0.75,17,1
0,0.75,18,1
0,1,11,7
0,1,12,17
0,1,13,23
0,1,14,38
0,1,15,47
0,1,16,49
0,1,17,31
0,1,18,22
0,1,19,10
0,1,20,5
0,1,21,7
1,0.25,0,1
1,0.25,1,5
1,0.25,2,11
1,0.25,3,10
1,0.25,4,10
1,0.25,5,14
1,0.25,6,9
1,0.25,7,4
1,0.5,0,1
1,0.5,1,5
1,0.5,2,11
1,0.5,3,9
1,0.5,4,9
1,0.5,5,18
1,0.5,6,19
1,0.5,7,21
1,0.5,8,18
1,0.5,9,12
1,0.5,10,4
1,0.5,11,1
1,0.75,0,1
1,0.75,1,4
1,0.75,2,6
1,0.75,3,6
1,0.75,4,6
1,0.75,5,13
1,0.75,6,17
1,0.75,7,24
1,0.75,8,27
1,0.75,9,32
1,0.75,10,28
1,0.75,11,19
1,0.75,12,9
1,1,1,1
1,1,2,3
1,1,3,2
1,1,4,3
1,1,5,8
1,1,6,10
1,1,7,11
1,1,8,10
1,1,9,8
1,1,10,8
1,1,11,18
1,1,12,34
1,1,13,40
1,1,14,35
1,1,15,36
1,1,16,22
1,1,17,5
1,1,18,2
2,0.25,2,1
2,0.25,3,3
2,0.25,4,9
2,0.25,5,17
2,0.25,6,18
2,0.25,7,8
2,0.25,8,5
2,0.25,9,2
2,0.25,10,1
2,0.5,2,1
2,0.5,3,1
2,0.5,4,5
2,0.5,5,15
2,0.5,6,20
2,0.5,7,28
2,0.5,8,23
2,0.5,9,17
2,0.5,10,6
2,0.5,11,5
2,0.5,12,5
2,0.5,13,2
2,0.75,5,3
2,0.75,6,10
2,0.75,7,20
2,0.75,8,38
2,0.75,9,38
2,0.75,10,30
2,0.75,11,21
2,0.75,12,14
2,0.75,13,12
2,0.75,14,5
2,0.75,15,1
2,1,8,2
2,1,9,4
2,1,10,11
2,1,11,15
2,1,12,24
2,1,13,27
2,1,14,28
2,1,15,34
2,1,16,28
2,1,17,25
2,1,18,18
2,1,19,16
2,1,20,14
2,1,21,8
2,1,22,2
3,0.25,2,2
3,0.25,3,5
3,0.25,4,14
3,0.25,5,17
3,0.25,6,15
3,0.25,7,9
3,0.25,8,2
3,0.5,3,1
3,0.5,5,7
3,0.5,6,19
3,0.5,7,33
3,0.5,8,32
3,0.5,9,23
3,0.5,10,10
3,0.5,11,3
3,0.75,5,1
3,0.75,6,3
3,0.75,7,13
3,0.75,8,24
3,0.75,9,41
3,0.75,10,44
3,0.75,11,39
3,0.75,12,16
3,0.75,13,8
3,0.75,14,3
3,1,11,3
3,1,12,5
3,1,13,8
3,1,14,20
3,1,15,31
3,1,16,37
3,1,17,30
3,1,18,37
3,1,19,27
3,1,20,26
3,1,21,18
3,1,22,10
3,1,23,3
3,1,24,1
4,0.25,2,1
4,0.25,3,2
4,0.25,4,5
4,0.25,5,14
4,0.25,6,15
4,0.25,7,17
4,0.25,8,8
4,0.25,9,2
4,0.5,3,1
4,0.5,4,1
4,0.5,5,5
4,0.5,6,11
4,0.5,7,24
4,0.5,8,28
4,0.5,9,36
4,0.5,10,15
4,0.5,11,6
4,0.5,12,1
4,0.75,6,5
4,0.75,7,10
4,0.75,8,26
4,0.75,9,34
4,0.75,10,41
4,0.75,11,36
4,0.75,12,26
4,0.75,13,8
4,0.75,14,3
4,0.75,15,2
4,0.75,16,1
4,1,6,1
4,1,7,1
4,1,8,2
4,1,9,7
4,1,10,17
4,1,11,21
4,1,12,42
4,1,13,46
4,1,14,43
4,1,15,39
4,1,16,21
4,1,17,10
4,1,18,5
4,1,19,1
5,0.25,0,1
5,0.25,1,1
5,0.25,2,6
5,0.25,3,6
5,0.25,4,9
5,0.25,5,11
5,0.25,6,12
5,0.25,7,10
5,0.25,8,7
5,0.25,9,1
5,0.5,1,1
5,0.5,2,1
5,0.5,3,2
5,0.5,4,6
5,0.5,5,12
5,0.5,6,10
5,0.5,7,19
5,0.5,8,23
5,0.5,9,24
5,0.5,10,18
5,0.5,11,9
5,0.5,12,3
5,0.75,5,2
5,0.75,6,6
5,0.75,7,6
5,0.75,8,19
5,0.75,9,37
5,0.75,10,32
5,0.75,11,33
5,0.75,12,21
5,0.75,13,16
5,0.75,14,11
5,0.75,15,7
5,0.75,16,2
5,1,10,1
5,1,11,3
5,1,12,11
5,1,13,11
5,1,14,20
5,1,15,25
5,1,16,42
5,1,17,39
5,1,18,33
5,1,19,31
5,1,20,21
5,1,21,12
5,1,22,6
5,1,24,1
6,0.25,3,4
6,0.25,4,14
6,0.25,5,21
6,0.25,6,15
6,0.25,7,8
6,0.25,8,2
6,0.5,4,1
6,0.5,5,12
6,0.5,6,28
6,0.5,7,29
6,0.5,8,27
6,0.5,9,18
6,0.5,10,9
6,0.5,11,3
6,0.5,12,1
6,0.75,5,2
6,0.75,6,9
6,0.75,7,16
6,0.75,8,29
6,0.75,9,36
6,0.75,10,35
6,0.75,11,31
6,0.75,12,22
6,0.75,13,8
6,0.75,14,2
6,0.75,15,2
6,1,8,1
6,1,9,1
6,1,13,7
6,1,14,13
6,1,15,19
6,1,16,18
6,1,17,27
6,1,18,27
6,1,19,33
6,1,20,30
6,1,21,29
6,1,22,23
6,1,23,12
6,1,24,9
6,1,25,3
6,1,26,3
6,1,27,1
7,0.25,3,3
7,0.25,4,10
7,0.25,5,15
7,0.25,6,16
7,0.25,7,9
7,0.25,8,8
7,0.25,9,3
7,0.5,4,1
7,0.5,5,8
7,0.5,6,22
7,0.5,7,23
7,0.5,8,23
7,0.5,9,23
7,0.5,10,13
7,0.5,11,11
7,0.5,12,3
7,0.5,13,1
7,0.75,5,2
7,0.75,6,3
7,0.75,7,12
7,0.75,8,20
7,0.75,9,28
7,0.75,10,38
7,0.75,11,35
7,0.75,12,23
7,0.75,13,14
7,0.75,14,9
7,0.75,15,4
7,0.75,16,3
7,0.75,17,1
7,1,12,3
7,1,13,5
7,1,14,7
7,1,15,9
7,1,16,14
7,1,17,14
7,1,18,16
7,1,19,31
7,1,20,32
7,1,21,24
7,1,22,29
7,1,23,21
7,1,24,18
7,1,25,14
7,1,26,10
7,1,27,7
7,1,28,2
8,0.25,3,4
8,0.25,4,8
8,0.25,5,15
8,0.25,6,13
8,0.25,7,15
8,0.25,8,8
8,0.25,9,1
8,0.5,3,2
8,0.5,4,1
8,0.5,5,6
8,0.5,6,11
8,0.5,7,11
8,0.5,8,15
8,0.5,9,31
8,0.5,10,33
8,0.5,11,13
8,0.5,12,5
8,0.75,3,1
8,0.75,5,3
8,0.75,6,7
8,0.75,7,11
8,0.75,8,10
8,0.75,9,13
8,0.75,10,21
8,0.75,11,41
8,0.75,12,49
8,0.75,13,25
8,0.75,14,9
8,0.75,15,2
8,1,12,2
8,1,13,4
8,1,14,12
8,1,15,20
8,1,16,30
8,1,17,41
8,1,18,47
8,1,19,43
8,1,20,27
8,1,21,19
8,1,22,8
8,1,23,2
8,1,24,1
9,0.25,2,1
9,0.25,3,5
9,0.25,4,17
9,0.25,5,16
9,0.25,6,12
9,0.25,7,5
9,0.25,8,5
9,0.25,9,2
9,0.25,10,1
9,0.5,3,1
9,0.5,4,7
9,0.5,5,17
9,0.5,6,29
9,0.5,7,31
9,0.5,8,19
9,0.5,9,12
9,0.5,10,5
9,0.5,11,3
9,0.5,12,3
9,0.5,13,1
9,0.75,4,1
9,0.75,5,6
9,0.75,6,18
9,0.75,7,37
9,0.75,8,32
9,0.75,9,25
9,0.75,10,28
9,0.75,11,21
9,0.75,12,10
9,0.75,13,9
9,0.75,14,4
9,0.75,15,1
9,1,7,1
9,1,8,3
9,1,9,7
9,1,10,15
9,1,11,19
9,1,12,37
9,1,13,37
9,1,14,30
9,1,15,28
9,1,16,25
9,1,17,22
9,1,18,15
9,1,19,8
9,1,20,6
9,1,21,3
10,0.25,1,3
10,0.25,2,6
10,0.25,3,8
10,0.25,4,12
10,0.25,5,13
10,0.25,6,15
10,0.25,7,7
10,0.5,1,1
10,0.5,3,1
10,0.5,4,5
10,0.5,5,7
10,0.5,6,14
10,0.5,7,18
10,0.5,8,26
10,0.5,9,28
10,0.5,10,20
10,0.5,11,7
10,0.5,12,1
10,0.75,5,1
10,0.75,6,4
10,0.75,7,4
10,0.75,8,12
10,0.75,9,29
10,0.75,10,34
10,0.75,11,43
10,0.75,12,32
10,0.75,13,18
10,0.75,14,12
10,0.75,15,3
10,1,12,1
10,1,13,1
10,1,14,7
10,1,15,16
10,1,16,26
10,1,17,40
10,1,18,47
10,1,19,40
10,1,20,29
10,1,21,23
10,1,22,17
10,1,23,8
10,1,24,1
11,0.25,1,2
11,0.25,2,2
11,0.25,3,6
11,0.25,4,17
11,0.25,5,17
11,0.25,6,11
11,0.25,7,5
11,0.25,8,3
11,0.25,9,1
11,0.5,3,2
11,0.5,4,9
11,0.5,5,12
11,0.5,6,20
11,0.5,7,28
11,0.5,8,21
11,0.5,9,18
11,0.5,10,11
11,0.5,11,6
11,0.5,12,1
11,0.75,4,1
11,0.75,5,10
11,0.75,6,11
11,0.75,7,21
11,0.75,8,35
11,0.75,9,34
11,0.75,10,29
11,0.75,11,23
11,0.75,12,15
11,0.75,13,9
11,0.75,14,4
11,1,9,1
11,1,10,3
11,1,11,3
11,1,12,9
11,1,13,16
11,1,14,14
11,1,15,19
11,1,16,23
11,1,17,28
11,1,18,32
11,1,19,32
11,1,20,23
11,1,21,18
11,1,22,13
11,1,23,8
11,1,24,6
11,1,25,6
11,1,26,2
12,0.25,2,2
12,0.25,3,4
12,0.25,4,6
12,0.25,5,16
12,0.25,6,18
12,0.25,7,9
12,0.25,8,6
12,0.25,9,3
12,0.5,3,1
12,0.5,4,1
12,0.5,5,4
12,0.5,6,9
12,0.5,7,24
12,0.5,8,29
12,0.5,9,27
12,0.5,10,20
12,0.5,11,10
12,0.5,12,2
12,0.5,13,1
12,0.75,5,1
12,0.75,6,2
12,0.75,7,5
12,0.75,8,20
12,0.75,9,30
12,0.75,10,28
12,0.75,11,37
12,0.75,12,37
12,0.75,13,24
12,0.75,14,7
12,0.75,15,1
12,1,10,1
12,1,11,8
12,1,12,19
12,1,13,27
12,1,14,41
12,1,15,40
12,1,16,37
12,1,17,35
12,1,18,22
12,1,19,14
12,1,20,6
12,1,21,4
12,1,22,2
13,0.25,1,2
13,0.25,2,8
13,0.25,3,6
13,0.25,4,10
13,0.25,5,12
13,0.25,6,11
13,0.25,7,9
13,0.25,8,5
13,0.25,9,1
13,0.5,1,1
13,0.5,2,2
13,0.5,3,4
13,0.5,4,5
13,0.5,5,8
13,0.5,6,19
13,0.5,7,21
13,0.5,8,22
13,0.5,9,25
13,0.5,10,16
13,0.5,11,5
13,0.75,3,1
13,0.75,4,3
13,0.75,5,3
13,0.75,6,11
13,0.75,7,18
13,0.75,8,29
13,0.75,9,32
13,0.75,10,31
13,0.75,11,37
13,0.75,12,19
13,0.75,13,7
13,0.75,14,1
13,1,8,1
13,1,9,2
13,1,10,4
13,1,11,13
13,1,12,16
13,1,13,28
13,1,14,46
13,1,15,46
13,1,16,38
13,1,17,29
13,1,18,24
13,1,19,4
13,1,20,2
13,1,21,3
14,0.25,0,1
14,0.25,2,2
14,0.25,3,4
14,0.25,4,15
14,0.25,5,17
14,0.25,6,11
14,0.25,7,9
14,0.25,8,4
14,0.25,9,1
14,0.5,0,1
14,0.5,4,8
14,0.5,5,15
14,0.5,6,28
14,0.5,7,27
14,0.5,8,22
14,0.5,9,17
14,0.5,10,8
14,0.5,11,2
14,0.75,4,1
14,0.75,5,5
14,0.75,6,10
14,0.75,7,14
14,0.75,8,28
14,0.75,9,41
14,0.75,10,38
14,0.75,11,23
14,0.75,12,18
14,0.75,13,10
14,0.75,14,4
14,1,8,1
14,1,9,2
14,1,10,1
14,1,11,5
14,1,12,17
14,1,13,24
14,1,14,38
14,1,15,45
14,1,16,42
14,1,17,39
14,1,18,30
14,1,19,11
14,1,20,1
15,0.25,1,2
15,0.25,2,2
15,0.25,3,8
15,0.25,4,9
15,0.25,5,9
15,0.25,6,12
15,0.25,7,12
15,0.25,8,8
15,0.25,9,2
15,0.5,1,1
15,0.5,2,1
15,0.5,3,3
15,0.5,4,4
15,0.5,5,7
15,0.5,6,7
15,0.5,7,18
15,0.5,8,26
15,0.5,9,27
15,0.5,10,20
15,0.5,11,10
15,0.5,12,4
15,0.75,3,1
15,0.75,5,4
15,0.75,6,9
15,0.75,7,12
15,0.75,8,13
15,0.75,9,22
15,0.75,10,27
15,0.75,11,36
15,0.75,12,29
15,0.75,13,16
15,0.75,14,16
15,0.75,15,7
15,1,7,3
15,1,8,2
15,1,9,6
15,1,10,16
15,1,11,15
15,1,12,18
15,1,13,23
15,1,14,41
15,1,15,50
15,1,16,32
15,1,17,20
15,1,18,12
15,1,19,9
15,1,20,5
15,1,21,4
16,0.25,0,1
16,0.25,1,5
16,0.25,2,11
16,0.25,3,15
16,0.25,4,15
16,0.25,5,11
16,0.25,6,5
16,0.25,7,1
16,0.5,0,1
16,0.5,1,5
16,0.5,2,11
16,0.5,3,16
16,0.5,4,20
16,0.5,5,24
16,0.5,6,24
16,0.5,7,16
16,0.5,8,7
16,0.5,9,3
16,0.5,10,1
16,0.75,0,1
16,0.75,1,5
16,0.75,2,11
16,0.75,3,16
16,0.75,4,20
16,0.75,5,22
16,0.75,6,24
16,0.75,7,34
16,0.75,8,26
16,0.75,9,20
16,0.75,10,8
16,0.75,11,4
16,0.75,12,1
16,1,3,1
16,1,4,4
16,1,5,4
16,1,6,5
16,1,7,10
16,1,8,9
16,1,9,4
16,1,10,6
16,1,11,5
16,1,12,13
16,1,13,26
16,1,14,30
16,1,15,25
16,1,16,33
16,1,17,22
16,1,18,19
16,1,19,17
16,1,20,8
16,1,21,8
16,1,22,4
16,1,23,2
16,1,24,1
17,0.25,1,3
17,0.25,2,4
17,0.25,3,7
17,0.25,4,11
17,0.25,5,9
17,0.25,6,15
17,0.25,7,11
17,0.25,8,4
17,0.5,1,1
17,0.5,2,2
17,0.5,3,4
17,0.5,4,6
17,0.5,5,15
17,0.5,6,20
17,0.5,7,22
17,0.5,8,24
17,0.5,9,20
17,0.5,10,9
17,0.5,11,5
17,0.75,3,1
17,0.75,4,2
17,0.75,5,9
17,0.75,6,17
17,0.75,7,23
17,0.75,8,26
17,0.75,9,40
17,0.75,10,32
17,0.75,11,15
17,0.75,12,14
17,0.75,13,9
17,0.75,14,4
17,1,9,3
17,1,10,4
17,1,11,16
17,1,12,29
17,1,13,32
17,1,14,38
17,1,15,36
17,1,16,33
17,1,17,29
17,1,18,13
17,1,19,5
17,1,20,7
17,1,21,6
17,1,22,3
17,1,23,2
18,0.25,1,1
18,0.25,2,2
18,0.25,3,6
18,0.25,4,14
18,0.25,5,17
18,0.25,6,14
18,0.25,7,7
18,0.25,8,2
18,0.25,9,1
18,0.5,3,3
18,0.5,4,7
18,0.5,5,12
18,0.5,6,21
18,0.5,7,33
18,0.5,8,29
18,0.5,9,16
18,0.5,10,6
18,0.5,11,1
18,0.75,3,1
18,0.75,4,2
18,0.75,5,10
18,0.75,6,13
18,0.75,7,23
18,0.75,8,34
18,0.75,9,33
18,0.75,10,33
18,0.75,11,28
18,0.75,12,11
18,0.75,13,4
18,1,8,1
18,1,9,1
18,1,10,9
18,1,11,13
18,1,12,11
18,1,13,16
18,1,14,24
18,1,15,36
18,1,16,36
18,1,17,31
18,1,18,31
18,1,19,24
18,1,20,13
18,1,21,7
18,1,22,3
19,0.25,0,1
19,0.25,1,5
19,0.25,2,8
19,0.25,3,12
19,0.25,4,15
19,0.25,5,15
19,0.25,6,6
19,0.25,7,2
19,0.5,0,1
19,0.5,1,4
19,0.5,2,7
19,0.5,3,10
19,0.5,4,14
19,0.5,5,17
19,0.5,6,28
19,0.5,7,20
19,0.5,8,17
19,0.5,9,8
19,0.5,10,2
19,0.75,1,1
19,0.75,2,5
19,0.75,3,7
19,0.75,4,8
19,0.75,5,9
19,0.75,6,19
19,0.75,7,32
19,0.75,8,40
19,0.75,9,31
19,0.75,10,23
19,0.75,11,12
19,0.75,12,5
19,1,8,1
19,1,10,5
19,1,11,11
19,1,12,13
19,1,13,23
19,1,14,35
19,1,15,37
19,1,16,50
19,1,17,40
19,1,18,24
19,1,19,12
19,1,20,3
19,1,21,2
20,0.25,2,2
20,0.25,3,8
20,0.25,4,13
20,0.25,5,17
20,0.25,6,11
20,0.25,7,8
20,0.25,8,4
20,0.25,9,1
20,0.5,2,1
20,0.5,3,3
20,0.5,4,10
20,0.5,5,16
20,0.5,6,21
20,0.5,7,24
20,0.5,8,24
20,0.5,9,14
20,0.5,10,10
20,0.5,11,3
20,0.5,12,2
20,0.75,3,2
20,0.75,4,2
20,0.75,5,3
20,0.75,6,11
20,0.75,7,25
20,0.75,8,30
20,0.75,9,30
20,0.75,10,29
20,0.75,11,21
20,0.75,12,23
20,0.75,13,9
20,0.75,14,3
20,0.75,15,1
20,0.75,16,2
20,0.75,17,1
20,1,9,8
20,1,10,10
20,1,11,12
20,1,12,21
20,1,13,32
20,1,14,31
20,1,15,38
20,1,16,34
20,1,17,29
20,1,18,22
20,1,19,11
20,1,20,5
20,1,21,1
20,1,22,1
20,1,23,1
21,0.25,1,2
21,0.25,2,3
21,0.25,3,5
21,0.25,4,12
21,0.25,5,15
21,0.25,6,13
21,0.25,7,8
21,0.25,8,4
21,0.25,9,2
21,0.5,3,2
21,0.5,4,6
21,0.5,5,12
21,0.5,6,27
21,0.5,7,21
21,0.5,8,22
21,0.5,9,19
21,0.5,10,11
21,0.5,11,7
21,0.5,12,1
21,0.75,4,4
21,0.75,5,6
21,0.75,6,11
21,0.75,7,24
21,0.75,8,25
21,0.75,9,27
21,0.75,10,31
21,0.75,11,24
21,0.75,12,20
21,0.75,13,11
21,0.75,14,7
21,0.75,15,2
21,1,4,1
21,1,5,2
21,1,6,1
21,1,7,2
21,1,8,1
21,1,9,3
21,1,10,7
21,1,11,21
21,1,12,31
21,1,13,40
21,1,14,37
21,1,15,27
21,1,16,22
21,1,17,18
21,1,18,21
21,1,19,13
21,1,20,5
21,1,21,2
21,1,22,1
21,1,23,1
22,0.25,0,1
22,0.25,1,3
22,0.25,2,7
22,0.25,3,12
22,0.25,4,12
22,0.25,5,9
22,0.25,6,10
22,0.25,7,6
22,0.25,8,4
22,0.5,0,1
22,0.5,1,3
22,0.5,2,7
22,0.5,3,12
22,0.5,4,13
22,0.5,5,17
22,0.5,6,24
22,0.5,7,20
22,0.5,8,12
22,0.5,9,11
22,0.5,10,6
22,0.5,11,2
22,0.75,0,1
22,0.75,1,3
22,0.75,2,7
22,0.75,3,10
22,0.75,4,10
22,0.75,5,12
22,0.75,6,19
22,0.75,7,24
22,0.75,8,25
22,0.75,9,19
22,0.75,10,21
22,0.75,11,18
22,0.75,12,10
22,0.75,13,8
22,0.75,14,4
22,0.75,15,1
22,1,2,1
22,1,3,1
22,1,4,1
22,1,6,8
22,1,7,12
22,1,8,15
22,1,9,17
22,1,10,21
22,1,11,29
22,1,12,29
22,1,13,25
22,1,14,30
22,1,15,28
22,1,16,22
22,1,17,9
22,1,18,2
22,1,19,3
22,1,20,3
23,0.25,5,8
23,0.25,6,12
23,0.25,7,14
23,0.25,8,12
23,0.25,9,9
23,0.25,10,7
23,0.25,11,2
23,0.5,5,2
23,0.5,6,7
23,0.5,7,14
23,0.5,8,17
23,0.5,9,19
23,0.5,10,24
23,0.5,11,22
23,0.5,12,15
23,0.5,13,8
23,0.75,7,1
23,0.75,8,9
23,0.75,9,16
23,0.75,10,19
23,0.75,11,20
23,0.75,12,36
23,0.75,13,42
23,0.75,14,25
23,0.75,15,16
23,0.75,16,7
23,0.75,17,1
23,1,14,1
23,1,15,2
23,1,16,5
23,1,17,8
23,1,18,19
23,1,19,28
23,1,20,27
23,1,21,24
23,1,22,33
23,1,23,18
23,1,24,23
23,1,25,21
23,1,26,19
23,1,27,11
23,1,28,6
23,1,29,5
23,1,30,5
23,1,31,1
24,0.25,2,1
24,0.25,3,2
24,0.25,4,2
24,0.25,5,6
24,0.25,6,14
24,0.25,7,15
24,0.25,8,12
24,0.25,9,7
24,0.25,10,4
24,0.25,11,1
24,0.5,3,1
24,0.5,4,3
24,0.5,5,4
24,0.5,6,5
24,0.5,7,5
24,0.5,8,23
24,0.5,9,35
24,0.5,10,26
24,0.5,11,15
24,0.5,12,9
24,0.5,13,1
24,0.5,14,1
24,0.75,4,2
24,0.75,5,6
24,0.75,6,4
24,0.75,7,3
24,0.75,8,5
24,0.75,9,25
24,0.75,10,41
24,0.75,11,48
24,0.75,12,30
24,0.75,13,14
24,0.75,14,8
24,0.75,15,2
24,0.75,16,2
24,0.75,17,2
24,1,8,1
24,1,9,4
24,1,10,3
24,1,11,4
24,1,12,7
24,1,13,22
24,1,14,29
24,1,15,32
24,1,16,39
24,1,17,45
24,1,18,31
24,1,19,15
24,1,20,10
24,1,21,4
24,1,22,5
24,1,23,4
24,1,24,1
25,0.25,3,1
25,0.25,4,6
25,0.25,5,13
25,0.25,6,16
25,0.25,7,14
25,0.25,8,8
25,0.25,9,4
25,0.25,10,2
25,0.5,4,1
25,0.5,5,3
25,0.5,6,11
25,0.5,7,17
25,0.5,8,24
25,0.5,9,29
25,0.5,10,22
25,0.5,11,9
25,0.5,12,7
25,0.5,13,4
25,0.5,14,1
25,0.75,6,1
25,0.75,7,6
25,0.75,8,18
25,0.75,9,27
25,0.75,10,34
25,0.75,11,37
25,0.75,12,34
25,0.75,13,17
25,0.75,14,8
25,0.75,15,5
25,0.75,16,4
25,0.75,17,1
25,1,9,1
25,1,10,3
25,1,11,8
25,1,12,15
25,1,13,15
25,1,14,22
25,1,15,31
25,1,16,40
25,1,17,38
25,1,18,30
25,1,19,28
25,1,20,20
25,1,21,5
26,0.25,2,1
26,0.25,3,3
26,0.25,4,7
26,0.25,5,22
26,0.25,6,17
26,0.25,7,7
26,0.25,8,6
26,0.25,9,1
26,0.5,4,1
26,0.5,5,5
26,0.5,6,17
26,0.5,7,29
26,0.5,8,28
26,0.5,9,27
26,0.5,10,15
26,0.5,11,5
26,0.5,12,1
26,0.75,6,7
26,0.75,7,18
26,0.75,8,27
26,0.75,9,40
26,0.75,10,36
26,0.75,11,29
26,0.75,12,17
26,0.75,13,10
26,0.75,14,8
26,1,8,1
26,1,9,3
26,1,10,6
26,1,11,4
26,1,12,9
26,1,13,20
26,1,14,30
26,1,15,46
26,1,16,47
26,1,17,35
26,1,18,27
26,1,19,17
26,1,20,8
26,1,21,2
26,1,22,1
27,0.25,1,1
27,0.25,2,3
27,0.25,3,8
27,0.25,4,19
27,0.25,5,14
27,0.25,6,13
27,0.25,7,5
27,0.25,8,1
27,0.5,2,1
27,0.5,3,1
27,0.5,4,8
27,0.5,5,14
27,0.5,6,23
27,0.5,7,25
27,0.5,8,26
27,0.5,9,16
27,0.5,10,9
27,0.5,11,4
27,0.5,12,1
27,0.75,3,1
27,0.75,4,3
27,0.75,5,4
27,0.75,6,11
27,0.75,7,15
27,0.75,8,23
27,0.75,9,42
27,0.75,10,38
27,0.75,11,24
27,0.75,12,20
27,0.75,13,8
27,0.75,14,3
27,1,7,1
27,1,8,6
27,1,9,4
27,1,10,8
27,1,11,15
27,1,12,28
27,1,13,40
27,1,14,51
27,1,15,45
27,1,16,23
27,1,17,22
27,1,18,10
27,1,19,3
28,0.25,1,2
28,0.25,2,4
28,0.25,3,9
28,0.25,4,9
28,0.25,5,9
28,0.25,6,16
28,0.25,7,10
28,0.25,8,3
28,0.25,9,2
28,0.5,1,1
28,0.5,2,1
28,0.5,3,1
28,0.5,4,9
28,0.5,5,13
28,0.5,6,18
28,0.5,7,29
28,0.5,8,15
28,0.5,9,15
28,0.5,10,14
28,0.5,11,7
28,0.5,12,5
28,0.75,3,1
28,0.75,4,1
28,0.75,5,4
28,0.75,6,13
28,0.75,7,20
28,0.75,8,26
28,0.75,9,29
28,0.75,10,28
28,0.75,11,22
28,0.75,12,19
28,0.75,13,17
28,0.75,14,9
28,0.75,15,3
28,1,9,4
28,1,10,6
28,1,11,20
28,1,12,38
28,1,13,44
28,1,14,42
28,1,15,38
28,1,16,27
28,1,17,14
28,1,18,15
28,1,19,5
28,1,20,2
28,1,21,1
29,0.25,0,1
29,0.25,1,1
29,0.25,2,2
29,0.25,3,7
29,0.25,4,8
29,0.25,5,14
29,0.25,6,14
29,0.25,7,10
29,0.25,8,6
29,0.25,9,1
29,0.5,4,3
29,0.5,5,3
29,0.5,6,2
29,0.5,7,10
29,0.5,8,21
29,0.5,9,32
29,0.5,10,27
29,0.5,11,19
29,0.5,12,9
29,0.5,13,2
29,0.75,5,1
29,0.75,7,1
29,0.75,8,6
29,0.75,9,16
29,0.75,10,23
29,0.75,11,35
29,0.75,12,45
29,0.75,13,31
29,0.75,14,22
29,0.75,15,10
29,0.75,16,2
29,1,11,1
29,1,12,2
29,1,13,1
29,1,14,4
29,1,15,10
29,1,16,17
29,1,17,33
29,1,18,39
29,1,19,40
29,1,20,43
29,1,21,30
29,1,22,17
29,1,23,13
29,1,24,5
29,1,25,1
30,0.25,3,3
30,0.25,4,10
30,0.25,5,9
30,0.25,6,12
30,0.25,7,10
30,0.25,8,11
30,0.25,9,4
30,0.25,10,3
30,0.25,11,2
30,0.5,4,1
30,0.5,5,5
30,0.5,6,11
30,0.5,7,17
30,0.5,8,14
30,0.5,9,23
30,0.5,10,23
30,0.5,11,15
30,0.5,12,10
30,0.5,13,6
30,0.5,14,2
30,0.5,15,1
30,0.75,6,3
30,0.75,7,7
30,0.75,8,16
30,0.75,9,19
30,0.75,10,30
30,0.75,11,28
30,0.75,12,27
30,0.75,13,26
30,0.75,14,21
30,0.75,15,8
30,0.75,16,1
30,0.75,18,2
30,0.75,19,3
30,0.75,20,1
30,1,11,4
30,1,12,4
30,1,13,7
30,1,14,17
30,1,15,17
30,1,16,23
30,1,17,33
30,1,18,33
30,1,19,27
30,1,20,27
30,1,21,18
30,1,22,17
30,1,23,9
30,1,24,5
30,1,25,5
30,1,26,1
30,1,27,3
30,1,28,3
30,1,29,2
30,1,30,1
31,0.25,1,2
31,0.25,2,4
31,0.25,3,9
31,0.25,4,17
31,0.25,5,18
31,0.25,6,8
31,0.25,7,5
31,0.25,8,1
31,0.5,1,1
31,0.5,3,3
31,0.5,4,12
31,0.5,5,18
31,0.5,6,24
31,0.5,7,27
31,0.5,8,17
31,0.5,9,16
31,0.5,10,7
31,0.5,11,3
31,0.75,5,8
31,0.75,6,12
31,0.75,7,26
31,0.75,8,30
31,0.75,9,30
31,0.75,10,32
31,0.75,11,27
31,0.75,12,17
31,0.75,13,6
31,0.75,14,4
31,1,7,3
31,1,8,5
31,1,9,4
31,1,10,14
31,1,11,20
31,1,12,39
31,1,13,37
31,1,14,38
31,1,15,31
31,1,16,26
31,1,17,20
31,1,18,13
31,1,19,5
31,1,20,1
32,0.25,0,1
32,0.25,1,2
32,0.25,2,5
32,0.25,3,8
32,0.25,4,13
32,0.25,5,15
32,0.25,6,11
32,0.25,7,7
32,0.25,8,2
32,0.5,2,3
32,0.5,3,7
32,0.5,4,10
32,0.5,5,14
32,0.5,6,22
32,0.5,7,22
32,0.5,8,22
32,0.5,9,19
32,0.5,10,5
32,0.5,11,2
32,0.5,12,2
32,0.75,2,2
32,0.75,3,2
32,0.75,4,4
32,0.75,5,10
32,0.75,6,16
32,0.75,7,19
32,0.75,8,20
32,0.75,9,28
32,0.75,10,30
32,0.75,11,30
32,0.75,12,18
32,0.75,13,8
32,0.75,14,4
32,0.75,15,1
32,1,9,2
32,1,10,10
32,1,11,11
32,1,12,12
32,1,13,17
32,1,14,25
32,1,15,27
32,1,16,44
32,1,17,52
32,1,18,29
32,1,19,17
32,1,20,8
32,1,21,1
32,1,22,1
33,0.25,1,2
33,0.25,2,4
33,0.25,3,5
33,0.25,4,10
33,0.25,5,13
33,0.25,6,8
33,0.25,7,11
33,0.25,8,8
33,0.25,9,3
33,0.5,2,2
33,0.5,3,3
33,0.5,4,3
33,0.5,5,13
33,0.5,6,18
33,0.5,7,21
33,0.5,8,26
33,0.5,9,25
33,0.5,10,14
33,0.5,11,3
33,0.75,5,1
33,0.75,6,4
33,0.75,7,13
33,0.75,8,19
33,0.75,9,38
33,0.75,10,40
33,0.75,11,38
33,0.75,12,24
33,0.75,13,12
33,0.75,14,3
33,1,9,1
33,1,10,3
33,1,11,10
33,1,12,16
33,1,13,26
33,1,14,31
33,1,15,34
33,1,16,37
33,1,17,32
33,1,18,30
33,1,19,20
33,1,20,9
33,1,21,5
33,1,22,2
34,0.25,0,1
34,0.25,1,5
34,0.25,2,7
34,0.25,3,7
34,0.25,4,13
34,0.25,5,15
34,0.25,6,11
34,0.25,7,4
34,0.25,8,1
34,0.5,0,1
34,0.5,1,4
34,0.5,2,5
34,0.5,3,6
34,0.5,4,11
34,0.5,5,17
34,0.5,6,22
34,0.5,7,21
34,0.5,8,18
34,0.5,9,13
34,0.5,10,8
34,0.5,11,2
34,0.75,0,1
34,0.75,1,2
34,0.75,2,3
34,0.75,3,5
34,0.75,4,9
34,0.75,5,11
34,0.75,6,22
34,0.75,7,25
34,0.75,8,27
34,0.75,9,28
34,0.75,10,29
34,0.75,11,15
34,0.75,12,10
34,0.75,13,5
34,1,5,3
34,1,6,5
34,1,7,8
34,1,8,14
34,1,9,18
34,1,10,18
34,1,11,12
34,1,12,19
34,1,13,29
34,1,14,26
34,1,15,34
34,1,16,32
34,1,17,20
34,1,18,13
34,1,19,5
35,0.25,2,3
35,0.25,3,13
35,0.25,4,17
35,0.25,5,11
35,0.25,6,8
35,0.25,7,8
35,0.25,8,4
35,0.5,3,1
35,0.5,4,10
35,0.5,5,11
35,0.5,6,19
35,0.5,7,28
35,0.5,8,23
35,0.5,9,16
35,0.5,10,13
35,0.5,11,5
35,0.5,12,1
35,0.5,13,1
35,0.75,4,3
35,0.75,5,6
35,0.75,6,15
35,0.75,7,16
35,0.75,8,37
35,0.75,9,43
35,0.75,10,32
35,0.75,11,20
35,0.75,12,13
35,0.75,13,6
35,0.75,14,1
35,1,7,1
35,1,8,1
35,1,9,1
35,1,10,1
35,1,11,10
35,1,12,16
35,1,13,19
35,1,14,34
35,1,15,39
35,1,16,37
35,1,17,36
35,1,18,29
35,1,19,21
35,1,20,6
35,1,21,4
35,1,22,1
36,0.25,3,1
36,0.25,4,3
36,0.25,5,6
36,0.25,6,10
36,0.25,7,16
36,0.25,8,13
36,0.25,9,10
36,0.25,10,5
36,0.5,4,1
36,0.5,5,4
36,0.5,6,9
36,0.5,7,14
36,0.5,8,24
36,0.5,9,28
36,0.5,10,26
36,0.5,11,15
36,0.5,12,5
36,0.5,13,2
36,0.75,5,2
36,0.75,6,2
36,0.75,7,8
36,0.75,8,14
36,0.75,9,26
36,0.75,10,21
36,0.75,11,36
36,0.75,12,34
36,0.75,13,28
36,0.75,14,16
36,0.75,15,4
36,0.75,16,1
36,1,9,1
36,1,10,1
36,1,11,1
36,1,12,1
36,1,13,2
36,1,14,11
36,1,15,16
36,1,16,20
36,1,17,31
36,1,18,29
36,1,19,42
36,1,20,40
36,1,21,24
36,1,22,17
36,1,23,14
36,1,24,4
36,1,27,1
36,1,28,1
37,0.25,2,1
37,0.25,3,3
37,0.25,4,9
37,0.25,5,17
37,0.25,6,16
37,0.25,7,14
37,0.25,8,4
37,0.5,4,4
37,0.5,5,7
37,0.5,6,14
37,0.5,7,23
37,0.5,8,34
37,0.5,9,26
37,0.5,10,16
37,0.5,11,4
37,0.75,5,1
37,0.75,6,5
37,0.75,7,14
37,0.75,8,13
37,0.75,9,19
37,0.75,10,28
37,0.75,11,39
37,0.75,12,34
37,0.75,13,28
37,0.75,14,10
37,0.75,15,1
37,1,10,3
37,1,11,6
37,1,12,14
37,1,13,21
37,1,14,26
37,1,15,25
37,1,16,34
37,1,17,36
37,1,18,29
37,1,19,20
37,1,20,15
37,1,21,14
37,1,22,8
37,1,23,5
38,0.25,4,2
38,0.25,5,7
38,0.25,6,20
38,0.25,7,20
38,0.25,8,9
38,0.25,9,3
38,0.25,10,2
38,0.25,11,1
38,0.5,5,1
38,0.5,6,8
38,0.5,7,12
38,0.5,8,21
38,0.5,9,32
38,0.5,10,23
38,0.5,11,17
38,0.5,12,6
38,0.5,13,5
38,0.5,14,3
38,0.75,7,2
38,0.75,8,7
38,0.75,9,16
38,0.75,10,35
38,0.75,11,45
38,0.75,12,32
38,0.75,13,24
38,0.75,14,16
38,0.75,15,7
38,0.75,16,4
38,0.75,17,3
38,0.75,18,1
38,1,9,1
38,1,10,2
38,1,11,3
38,1,12,9
38,1,13,25
38,1,14,35
38,1,15,42
38,1,16,37
38,1,17,33
38,1,18,27
38,1,19,18
38,1,20,11
38,1,21,5
38,1,22,4
38,1,23,3
38,1,24,1
39,0.25,1,1
39,0.25,2,3
39,0.25,3,8
39,0.25,4,20
39,0.25,5,20
39,0.25,6,10
39,0.25,7,2
39,0.5,2,2
39,0.5,3,4
39,0.5,4,10
39,0.5,5,17
39,0.5,6,21
39,0.5,7,34
39,0.5,8,24
39,0.5,9,12
39,0.5,10,4
39,0.75,3,1
39,0.75,4,1
39,0.75,5,3
39,0.75,6,7
39,0.75,7,15
39,0.75,8,32
39,0.75,9,43
39,0.75,10,33
39,0.75,11,28
39,0.75,12,18
39,0.75,13,10
39,0.75,14,1
39,1,9,3
39,1,10,5
39,1,11,13
39,1,12,24
39,1,13,34
39,1,14,39
39,1,15,36
39,1,16,42
39,1,17,27
39,1,18,15
39,1,19,9
39,1,20,5
39,1,21,3
39,1,22,1
40,0.25,0,1
40,0.25,1,4
40,0.25,2,9
40,0.25,3,9
40,0.25,4,11
40,0.25,5,12
40,0.25,6,13
40,0.25,7,5
40,0.5,0,1
40,0.5,1,2
40,0.5,2,6
40,0.5,3,8
40,0.5,4,12
40,0.5,5,11
40,0.5,6,26
40,0.5,7,28
40,0.5,8,17
40,0.5,9,12
40,0.5,10,4
40,0.5,11,1
40,0.75,2,3
40,0.75,3,3
40,0.75,4,7
40,0.75,5,10
40,0.75,6,16
40,0.75,7,18
40,0.75,8,26
40,0.75,9,36
40,0.75,10,26
40,0.75,11,22
40,0.75,12,17
40,0.75,13,5
40,0.75,14,3
40,1,12,1
40,1,13,5
40,1,14,7
40,1,15,5
40,1,16,16
40,1,17,17
40,1,18,27
40,1,19,28
40,1,20,39
40,1,21,32
40,1,22,26
40,1,23,23
40,1,24,17
40,1,25,10
40,1,26,3
41,0.25,2,5
41,0.25,3,9
41,0.25,4,15
41,0.25,5,17
41,0.25,6,12
41,0.25,7,4
41,0.25,8,2
41,0.5,2,1
41,0.5,3,4
41,0.5,4,9
41,0.5,5,15
41,0.5,6,22
41,0.5,7,32
41,0.5,8,26
41,0.5,9,14
41,0.5,10,5
41,0.75,4,4
41,0.75,5,4
41,0.75,6,10
41,0.75,7,24
41,0.75,8,41
41,0.75,9,35
41,0.75,10,36
41,0.75,11,27
41,0.75,12,10
41,0.75,13,1
41,1,6,1
41,1,7,1
41,1,8,2
41,1,9,11
41,1,10,12
41,1,11,24
41,1,12,40
41,1,13,39
41,1,14,43
41,1,15,36
41,1,16,23
41,1,17,12
41,1,18,7
41,1,19,4
41,1,20,1
42,0.25,2,1
42,0.25,3,6
42,0.25,4,9
42,0.25,5,8
42,0.25,6,9
42,0.25,7,15
42,0.25,8,13
42,0.25,9,3
42,0.5,3,1
42,0.5,4,5
42,0.5,5,8
42,0.5,6,12
42,0.5,7,15
42,0.5,8,23
42,0.5,9,30
42,0.5,10,26
42,0.5,11,7
42,0.5,12,1
42,0.75,4,1
42,0.75,5,4
42,0.75,6,7
42,0.75,7,11
42,0.75,8,16
42,0.75,9,31
42,0.75,10,37
42,0.75,11,38
42,0.75,12,24
42,0.75,13,18
42,0.75,14,5
42,1,8,1
42,1,9,1
42,1,10,5
42,1,11,13
42,1,12,20
42,1,13,29
42,1,14,29
42,1,15,37
42,1,16,41
42,1,17,23
42,1,18,19
42,1,19,15
42,1,20,8
42,1,21,8
42,1,22,5
42,1,23,2
43,0.25,0,1
43,0.25,1,3
43,0.25,2,7
43,0.25,3,10
43,0.25,4,14
43,0.25,5,9
43,0.25,6,9
43,0.25,7,8
43,0.25,8,2
43,0.25,9,1
43,0.5,0,1
43,0.5,1,3
43,0.5,2,7
43,0.5,3,9
43,0.5,4,14
43,0.5,5,14
43,0.5,6,17
43,0.5,7,19
43,0.5,8,19
43,0.5,9,15
43,0.5,10,8
43,0.5,11,2
43,0.75,1,3
43,0.75,2,5
43,0.75,3,7
43,0.75,4,14
43,0.75,5,11
43,0.75,6,16
43,0.75,7,23
43,0.75,8,23
43,0.75,9,27
43,0.75,10,27
43,0.75,11,15
43,0.75,12,11
43,0.75,13,7
43,0.75,14,3
43,1,2,1
43,1,3,4
43,1,4,8
43,1,5,6
43,1,6,6
43,1,7,7
43,1,8,12
43,1,9,15
43,1,10,15
43,1,11,19
43,1,12,20
43,1,13,27
43,1,14,28
43,1,15,23
43,1,16,28
43,1,17,15
43,1,18,14
43,1,19,6
43,1,20,2
44,0.25,0,1
44,0.25,1,5
44,0.25,2,7
44,0.25,3,13
44,0.25,4,12
44,0.25,5,10
44,0.25,6,9
44,0.25,7,5
44,0.25,8,2
44,0.5,1,2
44,0.5,2,4
44,0.5,3,11
44,0.5,4,10
44,0.5,5,16
44,0.5,6,16
44,0.5,7,15
44,0.5,8,22
44,0.5,9,17
44,0.5,10,12
44,0.5,11,3
44,0.75,2,1
44,0.75,3,3
44,0.75,4,6
44,0.75,5,8
44,0.75,6,11
44,0.75,7,22
44,0.75,8,20
44,0.75,9,23
44,0.75,10,26
44,0.75,11,24
44,0.75,12,25
44,0.75,13,19
44,0.75,14,4
44,1,6,1
44,1,7,2
44,1,8,4
44,1,9,2
44,1,10,5
44,1,11,12
44,1,12,16
44,1,13,26
44,1,14,40
44,1,15,34
44,1,16,29
44,1,17,36
44,1,18,25
44,1,19,15
44,1,20,6
44,1,21,3
45,0.25,1,1
45,0.25,2,5
45,0.25,3,6
45,0.25,4,18
45,0.25,5,15
45,0.25,6,12
45,0.25,7,7
45,0.5,3,1
45,0.5,4,5
45,0.5,5,9
45,0.5,6,20
45,0.5,7,23
45,0.5,8,29
45,0.5,9,19
45,0.5,10,16
45,0.5,11,6
45,0.75,4,1
45,0.75,5,1
45,0.75,6,8
45,0.75,7,19
45,0.75,8,17
45,0.75,9,30
45,0.75,10,33
45,0.75,11,38
45,0.75,12,22
45,0.75,13,14
45,0.75,14,9
45,1,9,2
45,1,10,4
45,1,11,12
45,1,12,23
45,1,13,19
45,1,14,19
45,1,15,12
45,1,16,24
45,1,17,29
45,1,18,33
45,1,19,31
45,1,20,25
45,1,21,14
45,1,22,5
45,1,23,4
46,0.25,2,4
46,0.25,3,11
46,0.25,4,13
46,0.25,5,15
46,0.25,6,12
46,0.25,7,6
46,0.25,8,3
46,0.5,2,1
46,0.5,3,5
46,0.5,4,7
46,0.5,5,11
46,0.5,6,23
46,0.5,7,33
46,0.5,8,24
46,0.5,9,16
46,0.5,10,5
46,0.5,11,2
46,0.5,12,1
46,0.75,4,1
46,0.75,5,1
46,0.75,6,8
46,0.75,7,18
46,0.75,8,38
46,0.75,9,49
46,0.75,10,28
46,0.75,11,26
46,0.75,12,12
46,0.75,13,4
46,0.75,14,3
46,0.75,15,4
46,1,9,1
46,1,10,5
46,1,11,10
46,1,12,16
46,1,13,29
46,1,14,47
46,1,15,52
46,1,16,38
46,1,17,24
46,1,18,16
46,1,19,11
46,1,20,1
46,1,21,1
46,1,22,2
46,1,23,2
46,1,24,1
47,0.25,0,1
47,0.25,1,5
47,0.25,2,5
47,0.25,3,8
47,0.25,4,14
47,0.25,5,17
47,0.25,6,11
47,0.25,7,3
47,0.5,1,2
47,0.5,2,4
47,0.5,3,2
47,0.5,4,9
47,0.5,5,18
47,0.5,6,27
47,0.5,7,28
47,0.5,8,20
47,0.5,9,13
47,0.5,10,4
47,0.5,11,1
47,0.75,4,3
47,0.75,5,5
47,0.75,6,11
47,0.75,7,21
47,0.75,8,30
47,0.75,9,52
47,0.75,10,41
47,0.75,11,19
47,0.75,12,9
47,0.75,13,1
47,1,12,2
47,1,13,7
47,1,14,16
47,1,15,24
47,1,16,25
47,1,17,26
47,1,18,42
47,1,19,40
47,1,20,31
47,1,21,20
47,1,22,11
47,1,23,7
47,1,24,4
47,1,25,1
48,0.25,0,1
48,0.25,1,2
48,0.25,2,7
48,0.25,3,10
48,0.25,4,9
48,0.25,5,13
48,0.25,6,12
48,0.25,7,5
48,0.25,8,4
48,0.25,9,1
48,0.5,2,1
48,0.5,3,9
48,0.5,4,12
48,0.5,5,16
48,0.5,6,19
48,0.5,7,22
48,0.5,8,17
48,0.5,9,14
48,0.5,10,14
48,0.5,11,4
48,0.75,2,1
48,0.75,3,1
48,0.75,4,2
48,0.75,5,4
48,0.75,6,9
48,0.75,7,21
48,0.75,8,19
48,0.75,9,28
48,0.75,10,34
48,0.75,11,17
48,0.75,12,23
48,0.75,13,20
48,0.75,14,9
48,0.75,15,4
48,1,13,1
48,1,14,2
48,1,15,6
48,1,16,10
48,1,17,21
48,1,18,19
48,1,19,15
48,1,20,26
48,1,21,36
48,1,22,20
48,1,23,29
48,1,24,28
48,1,25,14
48,1,26,7
48,1,27,4
48,1,28,7
48,1,29,8
48,1,30,3
49,0.25,0,1
49,0.25,1,2
49,0.25,2,7
49,0.25,3,11
49,0.25,4,14
49,0.25,5,13
49,0.25,6,11
49,0.25,7,5
49,0.5,0,1
49,0.5,1,1
49,0.5,2,4
49,0.5,3,9
49,0.5,4,14
49,0.5,5,21
49,0.5,6,28
49,0.5,7,22
49,0.5,8,17
49,0.5,9,9
49,0.5,10,2
49,0.75,0,1
49,0.75,2,2
49,0.75,3,7
49,0.75,4,11
49,0.75,5,15
49,0.75,6,22
49,0.75,7,32
49,0.75,8,36
49,0.75,9,34
49,0.75,10,22
49,0.75,11,7
49,0.75,12,3
49,1,6,3
49,1,7,2
49,1,8,5
49,1,9,6
49,1,10,9
49,1,11,13
49,1,12,11
49,1,13,26
49,1,14,26
49,1,15,45
49,1,16,47
49,1,17,41
49,1,18,15
49,1,19,4
49,1,20,3
50,0.25,0,1
50,0.25,1,1
50,0.25,2,5
50,0.25,3,17
50,0.25,4,16
50,0.25,5,12
50,0.25,6,9
50,0.25,7,3
50,0.5,3,1
50,0.5,4,14
50,0.5,5,22
50,0.5,6,20
50,0.5,7,27
50,0.5,8,22
50,0.5,9,13
50,0.5,10,7
50,0.5,11,2
50,0.75,4,2
50,0.75,5,6
50,0.75,6,18
50,0.75,7,30
50,0.75,8,21
50,0.75,9,33
50,0.75,10,37
50,0.75,11,32
50,0.75,12,12
50,0.75,13,1
50,1,7,1
50,1,8,2
50,1,9,5
50,1,10,10
50,1,11,11
50,1,12,16
50,1,13,28
50,1,14,34
50,1,15,36
50,1,16,38
50,1,17,35
50,1,18,20
50,1,19,13
50,1,20,5
50,1,21,1
50,1,22,1
51,0.25,0,1
51,0.25,1,5
51,0.25,2,7
51,0.25,3,9
51,0.25,4,11
51,0.25,5,9
51,0.25,6,5
51,0.25,7,8
51,0.25,8,5
51,0.25,9,3
51,0.25,10,1
51,0.5,0,1
51,0.5,1,3
51,0.5,2,8
51,0.5,3,12
51,0.5,4,14
51,0.5,5,15
51,0.5,6,17
51,0.5,7,16
51,0.5,8,10
51,0.5,9,13
51,0.5,10,11
51,0.5,11,6
51,0.5,12,2
51,0.75,1,1
51,0.75,2,4
51,0.75,3,10
51,0.75,4,14
51,0.75,5,18
51,0.75,6,15
51,0.75,7,23
51,0.75,8,19
51,0.75,9,19
51,0.75,10,18
51,0.75,11,22
51,0.75,12,19
51,0.75,13,9
51,0.75,14,1
51,1,8,1
51,1,9,3
51,1,10,5
51,1,11,3
51,1,12,7
51,1,13,8
51,1,14,13
51,1,15,24
51,1,16,33
51,1,17,44
51,1,18,39
51,1,19,27
51,1,20,20
51,1,21,15
51,1,22,7
51,1,23,6
51,1,24,1
52,0.25,2,1
52,0.25,3,3
52,0.25,4,4
52,0.25,5,6
52,0.25,6,11
52,0.25,7,16
52,0.25,8,14
52,0.25,9,7
52,0.25,10,2
52,0.5,4,3
52,0.5,5,6
52,0.5,6,6
52,0.5,7,10
52,0.5,8,21
52,0.5,9,27
52,0.5,10,24
52,0.5,11,20
52,0.5,12,8
52,0.5,13,2
52,0.5,14,1
52,0.75,5,2
52,0.75,6,1
52,0.75,7,5
52,0.75,8,6
52,0.75,9,16
52,0.75,10,25
52,0.75,11,36
52,0.75,12,49
52,0.75,13,27
52,0.75,14,15
52,0.75,15,6
52,0.75,16,4
52,1,11,1
52,1,12,2
52,1,13,6
52,1,14,12
52,1,15,27
52,1,16,32
52,1,17,36
52,1,18,35
52,1,19,31
52,1,20,23
52,1,21,21
52,1,22,17
52,1,23,11
52,1,24,2
53,0.25,1,4
53,0.25,2,6
53,0.25,3,4
53,0.25,4,9
53,0.25,5,16
53,0.25,6,13
53,0.25,7,9
53,0.25,8,3
53,0.5,1,1
53,0.5,2,1
53,0.5,3,1
53,0.5,4,6
53,0.5,5,11
53,0.5,6,17
53,0.5,7,24
53,0.5,8,27
53,0.5,9,25
53,0.5,10,13
53,0.5,11,2
53,0.75,1,1
53,0.75,5,2
53,0.75,6,3
53,0.75,7,14
53,0.75,8,32
53,0.75,9,34
53,0.75,10,37
53,0.75,11,31
53,0.75,12,24
53,0.75,13,10
53,0.75,14,3
53,0.75,15,1
53,1,9,1
53,1,11,2
53,1,12,5
53,1,13,10
53,1,14,14
53,1,15,15
53,1,16,22
53,1,17,32
53,1,18,42
53,1,19,43
53,1,20,31
53,1,21,25
53,1,22,7
53,1,23,3
53,1,24,2
53,1,25,1
53,1,26,1
54,0.25,0,1
54,0.25,1,4
54,0.25,2,6
54,0.25,3,7
54,0.25,4,9
54,0.25,5,14
54,0.25,6,13
54,0.25,7,7
54,0.25,8,3
54,0.5,1,3
54,0.5,2,4
54,0.5,3,5
54,0.5,4,10
54,0.5,5,13
54,0.5,6,19
54,0.5,7,26
54,0.5,8,25
54,0.5,9,14
54,0.5,10,5
54,0.5,11,3
54,0.5,12,1
54,0.75,1,1
54,0.75,2,2
54,0.75,3,2
54,0.75,4,6
54,0.75,5,11
54,0.75,6,17
54,0.75,7,23
54,0.75,8,32
54,0.75,9,40
54,0.75,10,22
54,0.75,11,14
54,0.75,12,9
54,0.75,13,7
54,0.75,14,5
54,0.75,15,1
54,1,11,1
54,1,12,1
54,1,13,9
54,1,14,27
54,1,15,37
54,1,16,45
54,1,17,43
54,1,18,35
54,1,19,20
54,1,20,17
54,1,21,10
54,1,22,6
54,1,23,4
54,1,24,1
55,0.25,0,1
55,0.25,1,5
55,0.25,2,12
55,0.25,3,17
55,0.25,4,14
55,0.25,5,9
55,0.25,6,3
55,0.25,7,2
55,0.25,8,1
55,0.5,0,1
55,0.5,1,4
55,0.5,2,9
55,0.5,3,11
55,0.5,4,15
55,0.5,5,21
55,0.5,6,21
55,0.5,7,22
55,0.5,8,14
55,0.5,9,5
55,0.5,10,4
55,0.5,11,1
55,0.75,1,1
55,0.75,2,4
55,0.75,3,4
55,0.75,4,10
55,0.75,5,12
55,0.75,6,20
55,0.75,7,27
55,0.75,8,31
55,0.75,9,42
55,0.75,10,23
55,0.75,11,14
55,0.75,12,4
55,1,7,2
55,1,8,6
55,1,9,3
55,1,10,8
55,1,11,25
55,1,12,33
55,1,13,29
55,1,14,37
55,1,15,42
55,1,16,32
55,1,17,19
55,1,18,7
55,1,19,5
55,1,20,5
55,1,21,3
56,0.25,2,4
56,0.25,3,11
56,0.25,4,17
56,0.25,5,12
56,0.25,6,13
56,0.25,7,6
56,0.25,8,1
56,0.5,2,2
56,0.5,3,6
56,0.5,4,9
56,0.5,5,12
56,0.5,6,29
56,0.5,7,32
56,0.5,8,24
56,0.5,9,10
56,0.5,10,3
56,0.5,11,1
56,0.75,3,1
56,0.75,4,3
56,0.75,5,3
56,0.75,6,17
56,0.75,7,31
56,0.75,8,37
56,0.75,9,41
56,0.75,10,33
56,0.75,11,18
56,0.75,12,6
56,0.75,13,2
56,1,9,2
56,1,10,6
56,1,11,12
56,1,12,16
56,1,13,25
56,1,14,15
56,1,15,31
56,1,16,49
56,1,17,43
56,1,18,25
56,1,19,22
56,1,20,8
56,1,21,1
56,1,22,1
57,0.25,1,1
57,0.25,2,2
57,0.25,3,7
57,0.25,4,9
57,0.25,5,8
57,0.25,6,13
57,0.25,7,12
57,0.25,8,7
57,0.25,9,4
57,0.25,10,1
57,0.5,2,1
57,0.5,3,2
57,0.5,4,4
57,0.5,5,5
57,0.5,6,11
57,0.5,7,21
57,0.5,8,22
57,0.5,9,28
57,0.5,10,22
57,0.5,11,7
57,0.5,12,4
57,0.5,13,1
57,0.75,5,2
57,0.75,6,6
57,0.75,7,9
57,0.75,8,22
57,0.75,9,30
57,0.75,10,38
57,0.75,11,36
57,0.75,12,25
57,0.75,13,19
57,0.75,14,5
57,1,11,2
57,1,12,8
57,1,13,14
57,1,14,21
57,1,15,30
57,1,16,30
57,1,17,44
57,1,18,28
57,1,19,25
57,1,20,26
57,1,21,16
57,1,22,5
57,1,23,4
57,1,24,2
57,1,25,1
58,0.25,0,1
58,0.25,1,3
58,0.25,2,6
58,0.25,3,13
58,0.25,4,14
58,0.25,5,12
58,0.25,6,11
58,0.25,7,3
58,0.25,8,1
58,0.5,0,1
58,0.5,1,3
58,0.5,2,6
58,0.5,3,11
58,0.5,4,14
58,0.5,5,16
58,0.5,6,19
58,0.5,7,23
58,0.5,8,19
58,0.5,9,10
58,0.5,10,3
58,0.5,11,3
58,0.75,1,2
58,0.75,2,4
58,0.75,3,7
58,0.75,4,11
58,0.75,5,12
58,0.75,6,17
58,0.75,7,19
58,0.75,8,33
58,0.75,9,35
58,0.75,10,31
58,0.75,11,11
58,0.75,12,8
58,0.75,13,2
58,1,4,1
58,1,5,4
58,1,6,6
58,1,7,10
58,1,8,12
58,1,9,15
58,1,10,15
58,1,11,22
58,1,12,19
58,1,13,21
58,1,14,21
58,1,15,28
58,1,16,30
58,1,17,26
58,1,18,17
58,1,19,8
58,1,20,1
59,0.25,3,2
59,0.25,4,11
59,0.25,5,19
59,0.25,6,22
59,0.25,7,7
59,0.25,8,3
59,0.5,4,2
59,0.5,5,6
59,0.5,6,20
59,0.5,7,28
59,0.5,8,38
59,0.5,9,22
59,0.5,10,9
59,0.5,11,3
59,0.75,6,3
59,0.75,7,10
59,0.75,8,32
59,0.75,9,45
59,0.75,10,42
59,0.75,11,35
59,0.75,12,18
59,0.75,13,6
59,0.75,14,1
59,1,9,1
59,1,11,6
59,1,12,19
59,1,13,23
59,1,14,35
59,1,15,54
59,1,16,47
59,1,17,33
59,1,18,19
59,1,19,12
59,1,20,4
59,1,21,2
59,1,22,1
60,0.25,0,1
60,0.25,1,3
60,0.25,2,7
60,0.25,3,11
60,0.25,4,10
60,0.25,5,13
60,0.25,6,9
60,0.25,7,7
60,0.25,8,3
60,0.5,0,1
60,0.5,1,1
60,0.5,2,6
60,0.5,3,8
60,0.5,4,11
60,0.5,5,13
60,0.5,6,23
60,0.5,7,22
60,0.5,8,19
60,0.5,9,9
60,0.5,10,6
60,0.5,11,6
60,0.5,12,3
60,0.75,0,1
60,0.75,3,3
60,0.75,4,8
60,0.75,5,9
60,0.75,6,12
60,0.75,7,19
60,0.75,8,34
60,0.75,9,30
60,0.75,10,28
60,0.75,11,16
60,0.75,12,14
60,0.75,13,10
60,0.75,14,5
60,0.75,15,3
60,1,13,5
60,1,14,8
60,1,15,20
60,1,16,30
60,1,17,38
60,1,18,33
60,1,19,27
60,1,20,24
60,1,21,15
60,1,22,11
60,1,23,17
60,1,24,15
60,1,25,9
60,1,26,3
60,1,27,1
61,0.25,0,1
61,0.25,1,3
61,0.25,2,8
61,0.25,3,6
61,0.25,4,9
61,0.25,5,11
61,0.25,6,14
61,0.25,7,9
61,0.25,8,3
61,0.5,1,2
61,0.5,2,4
61,0.5,3,4
61,0.5,4,8
61,0.5,5,14
61,0.5,6,18
61,0.5,7,25
61,0.5,8,33
61,0.5,9,14
61,0.5,10,5
61,0.5,11,1
61,0.75,3,3
61,0.75,4,6
61,0.75,5,9
61,0.75,6,15
61,0.75,7,25
61,0.75,8,37
61,0.75,9,34
61,0.75,10,25
61,0.75,11,24
61,0.75,12,9
61,0.75,13,4
61,0.75,14,1
61,1,6,1
61,1,7,1
61,1,8,6
61,1,9,6
61,1,10,11
61,1,11,18
61,1,12,23
61,1,13,36
61,1,14,49
61,1,15,47
61,1,16,35
61,1,17,15
61,1,18,3
61,1,19,1
61,1,20,2
61,1,21,2
62,0.25,3,5
62,0.25,4,10
62,0.25,5,14
62,0.25,6,15
62,0.25,7,11
62,0.25,8,5
62,0.25,9,3
62,0.25,10,1
62,0.5,4,3
62,0.5,5,11
62,0.5,6,15
62,0.5,7,24
62,0.5,8,34
62,0.5,9,23
62,0.5,10,10
62,0.5,11,6
62,0.5,12,2
62,0.75,5,3
62,0.75,6,8
62,0.75,7,10
62,0.75,8,22
62,0.75,9,35
62,0.75,10,48
62,0.75,11,36
62,0.75,12,17
62,0.75,13,9
62,0.75,14,3
62,0.75,15,1
62,1,9,1
62,1,10,1
62,1,11,3
62,1,12,6
62,1,13,12
62,1,14,13
62,1,15,25
62,1,16,32
62,1,17,42
62,1,18,41
62,1,19,35
62,1,20,26
62,1,21,10
62,1,22,7
62,1,23,2
63,0.25,1,2
63,0.25,2,4
63,0.25,3,9
63,0.25,4,13
63,0.25,5,17
63,0.25,6,10
63,0.25,7,6
63,0.25,8,2
63,0.25,9,1
63,0.5,2,2
63,0.5,3,5
63,0.5,4,5
63,0.5,5,15
63,0.5,6,19
63,0.5,7,20
63,0.5,8,20
63,0.5,9,20
63,0.5,10,14
63,0.5,11,5
63,0.5,12,2
63,0.5,13,1
63,0.75,5,4
63,0.75,6,7
63,0.75,7,19
63,0.75,8,26
63,0.75,9,29
63,0.75,10,28
63,0.75,11,30
63,0.75,12,24
63,0.75,13,15
63,0.75,14,9
63,0.75,15,1
63,1,11,3
63,1,12,9
63,1,13,8
63,1,14,6
63,1,15,16
63,1,16,21
63,1,17,29
63,1,18,34
63,1,19,31
63,1,20,31
63,1,21,36
63,1,22,17
63,1,23,6
63,1,24,4
63,1,25,4
63,1,26,1
64,0.25,2,2
64,0.25,3,3
64,0.25,4,7
64,0.25,5,7
64,0.25,6,9
64,0.25,7,14
64,0.25,8,13
64,0.25,9,7
64,0.25,10,2
64,0.5,4,1
64,0.5,5,2
64,0.5,6,9
64,0.5,7,15
64,0.5,8,25
64,0.5,9,24
64,0.5,10,17
64,0.5,11,18
64,0.5,12,14
64,0.5,13,3
64,0.75,6,3
64,0.75,7,3
64,0.75,8,17
64,0.75,9,25
64,0.75,10,23
64,0.75,11,31
64,0.75,12,30
64,0.75,13,31
64,0.75,14,24
64,0.75,15,5
64,1,13,5
64,1,14,11
64,1,15,24
64,1,16,35
64,1,17,36
64,1,18,41
64,1,19,29
64,1,20,27
64,1,21,18
64,1,22,11
64,1,23,14
64,1,24,4
64,1,25,1
65,0.25,0,1
65,0.25,1,4
65,0.25,2,5
65,0.25,3,11
65,0.25,4,12
65,0.25,5,14
65,0.25,6,5
65,0.25,7,4
65,0.25,8,6
65,0.25,9,1
65,0.25,10,1
65,0.5,0,1
65,0.5,1,4
65,0.5,2,3
65,0.5,3,7
65,0.5,4,11
65,0.5,5,16
65,0.5,6,14
65,0.5,7,21
65,0.5,8,20
65,0.5,9,14
65,0.5,10,7
65,0.5,11,6
65,0.5,12,1
65,0.5,13,1
65,0.5,14,2
65,0.75,1,3
65,0.75,2,1
65,0.75,3,5
65,0.75,4,6
65,0.75,5,12
65,0.75,6,8
65,0.75,7,18
65,0.75,8,24
65,0.75,9,30
65,0.75,10,25
65,0.75,11,18
65,0.75,12,11
65,0.75,13,15
65,0.75,14,11
65,0.75,15,3
65,0.75,16,1
65,0.75,17,1
65,1,8,2
65,1,9,7
65,1,10,6
65,1,11,6
65,1,12,16
65,1,13,15
65,1,14,17
65,1,15,30
65,1,16,38
65,1,17,29
65,1,18,24
65,1,19,19
65,1,20,19
65,1,21,13
65,1,22,11
65,1,23,4
66,0.25,0,1
66,0.25,1,4
66,0.25,2,10
66,0.25,3,11
66,0.25,4,11
66,0.25,5,10
66,0.25,6,8
66,0.25,7,5
66,0.25,8,3
66,0.25,9,1
66,0.5,0,1
66,0.5,1,4
66,0.5,2,9
66,0.5,3,9
66,0.5,4,14
66,0.5,5,17
66,0.5,6,19
66,0.5,7,19
66,0.5,8,18
66,0.5,9,12
66,0.5,10,5
66,0.5,11,1
66,0.75,0,1
66,0.75,1,3
66,0.75,2,9
66,0.75,3,8
66,0.75,4,10
66,0.75,5,18
66,0.75,6,24
66,0.75,7,28
66,0.75,8,34
66,0.75,9,23
66,0.75,10,18
66,0.75,11,7
66,0.75,12,6
66,0.75,13,2
66,0.75,14,1
66,1,3,2
66,1,5,1
66,1,6,2
66,1,7,11
66,1,8,15
66,1,9,40
66,1,10,47
66,1,11,45
66,1,12,39
66,1,13,25
66,1,14,15
66,1,15,10
66,1,16,3
66,1,17,1
67,0.25,0,1
67,0.25,1,3
67,0.25,2,6
67,0.25,3,13
67,0.25,4,14
67,0.25,5,13
67,0.25,6,9
67,0.25,7,4
67,0.25,8,1
67,0.5,1,2
67,0.5,2,5
67,0.5,3,7
67,0.5,4,11
67,0.5,5,18
67,0.5,6,20
67,0.5,7,18
67,0.5,8,24
67,0.5,9,16
67,0.5,10,6
67,0.5,11,1
67,0.75,2,1
67,0.75,3,2
67,0.75,4,2
67,0.75,5,5
67,0.75,6,15
67,0.75,7,22
67,0.75,8,31
67,0.75,9,43
67,0.75,10,37
67,0.75,11,19
67,0.75,12,13
67,0.75,13,2
67,1,8,1
67,1,9,7
67,1,10,7
67,1,11,10
67,1,12,23
67,1,13,36
67,1,14,54
67,1,15,50
67,1,16,29
67,1,17,19
67,1,18,12
67,1,19,6
67,1,20,1
67,1,21,1
68,0.25,0,1
68,0.25,1,5
68,0.25,2,6
68,0.25,3,8
68,0.25,4,14
68,0.25,5,13
68,0.25,6,7
68,0.25,7,6
68,0.25,8,4
68,0.5,0,1
68,0.5,1,4
68,0.5,2,6
68,0.5,3,9
68,0.5,4,7
68,0.5,5,8
68,0.5,6,17
68,0.5,7,16
68,0.5,8,21
68,0.5,9,22
68,0.5,10,13
68,0.5,11,3
68,0.5,12,1
68,0.75,0,1
68,0.75,1,1
68,0.75,2,5
68,0.75,3,6
68,0.75,4,4
68,0.75,5,5
68,0.75,6,12
68,0.75,7,19
68,0.75,8,22
68,0.75,9,30
68,0.75,10,30
68,0.75,11,25
68,0.75,12,22
68,0.75,13,7
68,0.75,14,2
68,0.75,15,1
68,1,6,2
68,1,7,1
68,1,8,2
68,1,9,3
68,1,10,7
68,1,11,8
68,1,12,9
68,1,13,17
68,1,14,27
68,1,15,30
68,1,16,41
68,1,17,35
68,1,18,39
68,1,19,23
68,1,20,10
68,1,21,2
69,0.25,0,1
69,0.25,1,1
69,0.25,2,2
69,0.25,3,2
69,0.25,4,5
69,0.25,5,8
69,0.25,6,14
69,0.25,7,13
69,0.25,8,10
69,0.25,9,7
69,0.25,10,1
69,0.5,1,1
69,0.5,4,1
69,0.5,5,1
69,0.5,6,4
69,0.5,7,13
69,0.5,8,33
69,0.5,9,34
69,0.5,10,25
69,0.5,11,13
69,0.5,12,3
69,0.75,7,3
69,0.75,8,6
69,0.75,9,29
69,0.75,10,42
69,0.75,11,41
69,0.75,12,29
69,0.75,13,26
69,0.75,14,14
69,0.75,15,2
69,1,13,2
69,1,14,5
69,1,15,19
69,1,16,34
69,1,17,38
69,1,18,39
69,1,19,35
69,1,20,35
69,1,21,30
69,1,22,10
69,1,23,6
69,1,24,2
69,1,26,1
70,0.25,0,1
70,0.25,1,3
70,0.25,2,4
70,0.25,3,6
70,0.25,4,9
70,0.25,5,14
70,0.25,6,12
70,0.25,7,9
70,0.25,8,6
70,0.5,1,1
70,0.5,2,2
70,0.5,3,2
70,0.5,4,2
70,0.5,5,12
70,0.5,6,17
70,0.5,7,23
70,0.5,8,23
70,0.5,9,25
70,0.5,10,13
70,0.5,11,7
70,0.5,12,1
70,0.75,3,1
70,0.75,4,1
70,0.75,5,4
70,0.75,6,10
70,0.75,7,15
70,0.75,8,29
70,0.75,9,32
70,0.75,10,33
70,0.75,11,24
70,0.75,12,20
70,0.75,13,13
70,0.75,14,8
70,0.75,15,2
70,1,9,1
70,1,11,3
70,1,12,6
70,1,13,7
70,1,14,9
70,1,15,13
70,1,16,15
70,1,17,29
70,1,18,41
70,1,19,30
70,1,20,34
70,1,21,33
70,1,22,15
70,1,23,5
70,1,24,5
70,1,25,3
70,1,26,2
70,1,27,3
70,1,28,2
71,0.25,0,1
71,0.25,1,2
71,0.25,2,7
71,0.25,3,8
71,0.25,4,13
71,0.25,5,9
71,0.25,6,9
71,0.25,7,8
71,0.25,8,4
71,0.25,9,2
71,0.25,10,1
71,0.5,0,1
71,0.5,1,1
71,0.5,2,4
71,0.5,3,7
71,0.5,4,16
71,0.5,5,20
71,0.5,6,15
71,0.5,7,21
71,0.5,8,16
71,0.5,9,11
71,0.5,10,6
71,0.5,11,5
71,0.5,12,5
71,0.75,0,1
71,0.75,2,2
71,0.75,3,5
71,0.75,4,9
71,0.75,5,18
71,0.75,6,21
71,0.75,7,32
71,0.75,8,19
71,0.75,9,24
71,0.75,10,20
71,0.75,11,9
71,0.75,12,11
71,0.75,13,10
71,0.75,14,7
71,0.75,15,3
71,0.75,16,1
71,1,4,2
71,1,5,1
71,1,6,5
71,1,7,13
71,1,8,14
71,1,9,16
71,1,10,13
71,1,11,15
71,1,12,35
71,1,13,39
71,1,14,30
71,1,15,24
71,1,16,16
71,1,17,7
71,1,18,10
71,1,19,10
71,1,20,5
71,1,21,1
72,0.25,0,1
72,0.25,1,2
72,0.25,2,5
72,0.25,3,8
72,0.25,4,11
72,0.25,5,11
72,0.25,6,13
72,0.25,7,9
72,0.25,8,3
72,0.25,9,1
72,0.5,0,1
72,0.5,1,2
72,0.5,2,5
72,0.5,3,8
72,0.5,4,12
72,0.5,5,16
72,0.5,6,17
72,0.5,7,18
72,0.5,8,12
72,0.5,9,11
72,0.5,10,12
72,0.5,11,7
72,0.5,12,5
72,0.5,13,2
72,0.75,0,1
72,0.75,1,2
72,0.75,2,5
72,0.75,3,8
72,0.75,4,9
72,0.75,5,14
72,0.75,6,19
72,0.75,7,19
72,0.75,8,20
72,0.75,9,14
72,0.75,10,17
72,0.75,11,26
72,0.75,12,17
72,0.75,13,7
72,0.75,14,8
72,0.75,15,4
72,0.75,16,2
72,1,3,1
72,1,5,1
72,1,6,2
72,1,7,4
72,1,8,11
72,1,9,7
72,1,10,15
72,1,11,13
72,1,12,5
72,1,13,7
72,1,14,15
72,1,15,21
72,1,16,35
72,1,17,31
72,1,18,29
72,1,19,27
72,1,20,21
72,1,21,8
72,1,22,3
73,0.25,1,3
73,0.25,2,5
73,0.25,3,14
73,0.25,4,18
73,0.25,5,11
73,0.25,6,5
73,0.25,7,5
73,0.25,8,3
73,0.5,1,1
73,0.5,2,2
73,0.5,3,10
73,0.5,4,14
73,0.5,5,20
73,0.5,6,30
73,0.5,7,24
73,0.5,8,18
73,0.5,9,7
73,0.5,10,2
73,0.75,3,4
73,0.75,4,6
73,0.75,5,8
73,0.75,6,17
73,0.75,7,26
73,0.75,8,44
73,0.75,9,45
73,0.75,10,28
73,0.75,11,11
73,0.75,12,3
73,1,11,4
73,1,12,6
73,1,13,10
73,1,14,24
73,1,15,46
73,1,16,42
73,1,17,37
73,1,18,31
73,1,19,17
73,1,20,15
73,1,21,13
73,1,22,9
73,1,23,2
74,0.25,0,1
74,0.25,1,4
74,0.25,2,8
74,0.25,3,11
74,0.25,4,15
74,0.25,5,12
74,0.25,6,9
74,0.25,7,3
74,0.25,8,1
74,0.5,0,1
74,0.5,1,4
74,0.5,2,7
74,0.5,3,9
74,0.5,4,12
74,0.5,5,18
74,0.5,6,20
74,0.5,7,16
74,0.5,8,24
74,0.5,9,13
74,0.5,10,4
74,0.75,0,1
74,0.75,1,4
74,0.75,2,6
74,0.75,3,4
74,0.75,4,5
74,0.75,5,6
74,0.75,6,12
74,0.75,7,22
74,0.75,8,33
74,0.75,9,29
74,0.75,10,27
74,0.75,11,28
74,0.75,12,11
74,0.75,13,3
74,0.75,14,1
74,1,11,3
74,1,12,6
74,1,13,11
74,1,14,26
74,1,15,38
74,1,16,34
74,1,17,39
74,1,18,32
74,1,19,28
74,1,20,20
74,1,21,7
74,1,22,5
74,1,23,4
74,1,24,3
75,0.25,0,1
75,0.25,1,2
75,0.25,2,6
75,0.25,3,12
75,0.25,4,15
75,0.25,5,18
75,0.25,6,9
75,0.25,7,1
75,0.5,0,1
75,0.5,1,2
75,0.5,2,6
75,0.5,3,12
75,0.5,4,15
75,0.5,5,24
75,0.5,6,23
75,0.5,7,20
75,0.5,8,14
75,0.5,9,6
75,0.5,10,3
75,0.5,11,2
75,0.75,0,1
75,0.75,1,2
75,0.75,2,6
75,0.75,3,11
75,0.75,4,11
75,0.75,5,20
75,0.75,6,22
75,0.75,7,27
75,0.75,8,31
75,0.75,9,25
75,0.75,10,15
75,0.75,11,14
75,0.75,12,6
75,0.75,13,1
75,1,3,1
75,1,4,1
75,1,5,2
75,1,6,2
75,1,7,2
75,1,8,3
75,1,9,7
75,1,10,8
75,1,11,5
75,1,12,5
75,1,13,2
75,1,14,5
75,1,15,10
75,1,16,22
75,1,17,24
75,1,18,33
75,1,19,40
75,1,20,33
75,1,21,24
75,1,22,14
75,1,23,8
75,1,24,2
75,1,25,2
75,1,26,1
76,0.25,0,1
76,0.25,1,5
76,0.25,2,9
76,0.25,3,8
76,0.25,4,9
76,0.25,5,15
76,0.25,6,9
76,0.25,7,3
76,0.25,8,4
76,0.25,9,1
76,0.5,0,1
76,0.5,2,2
76,0.5,3,6
76,0.5,4,5
76,0.5,5,11
76,0.5,6,17
76,0.5,7,19
76,0.5,8,28
76,0.5,9,19
76,0.5,10,10
76,0.5,11,6
76,0.5,12,3
76,0.5,13,1
76,0.75,0,1
76,0.75,4,2
76,0.75,5,8
76,0.75,6,9
76,0.75,7,17
76,0.75,8,27
76,0.75,9,32
76,0.75,10,35
76,0.75,11,29
76,0.75,12,16
76,0.75,13,9
76,0.75,14,4
76,0.75,15,1
76,0.75,16,1
76,0.75,17,1
76,1,9,1
76,1,10,8
76,1,11,21
76,1,12,19
76,1,13,28
76,1,14,33
76,1,15,39
76,1,16,40
76,1,17,39
76,1,18,22
76,1,19,4
76,1,20,1
76,1,21,1
77,0.25,1,1
77,0.25,2,4
77,0.25,3,7
77,0.25,4,6
77,0.25,5,8
77,0.25,6,14
77,0.25,7,17
77,0.25,8,6
77,0.25,9,1
77,0.5,3,5
77,0.5,4,7
77,0.5,5,7
77,0.5,6,8
77,0.5,7,16
77,0.5,8,23
77,0.5,9,27
77,0.5,10,24
77,0.5,11,8
77,0.5,12,2
77,0.5,13,1
77,0.75,4,2
77,0.75,5,8
77,0.75,6,12
77,0.75,7,15
77,0.75,8,19
77,0.75,9,21
77,0.75,10,27
77,0.75,11,26
77,0.75,12,25
77,0.75,13,21
77,0.75,14,9
77,0.75,15,4
77,0.75,16,2
77,0.75,17,1
77,1,8,1
77,1,9,6
77,1,10,11
77,1,11,12
77,1,12,21
77,1,13,32
77,1,14,39
77,1,15,33
77,1,16,27
77,1,17,24
77,1,18,20
77,1,19,21
77,1,20,7
77,1,21,1
77,1,25,1
78,0.25,3,5
78,0.25,4,13
78,0.25,5,23
78,0.25,6,13
78,0.25,7,7
78,0.25,8,2
78,0.25,9,1
78,0.5,4,6
78,0.5,5,14
78,0.5,6,21
78,0.5,7,39
78,0.5,8,27
78,0.5,9,17
78,0.5,10,4
78,0.75,5,3
78,0.75,6,13
78,0.75,7,31
78,0.75,8,43
78,0.75,9,42
78,0.75,10,27
78,0.75,11,19
78,0.75,12,11
78,0.75,13,3
78,1,10,1
78,1,11,3
78,1,12,9
78,1,13,13
78,1,14,30
78,1,15,38
78,1,16,59
78,1,17,42
78,1,18,31
78,1,19,17
78,1,20,6
78,1,21,2
78,1,22,3
78,1,23,2
79,0.25,1,1
79,0.25,2,5
79,0.25,3,8
79,0.25,4,15
79,0.25,5,15
79,0.25,6,17
79,0.25,7,3
79,0.5,2,2
79,0.5,3,3
79,0.5,4,7
79,0.5,5,12
79,0.5,6,25
79,0.5,7,32
79,0.5,8,29
79,0.5,9,12
79,0.5,10,5
79,0.5,11,1
79,0.75,2,1
79,0.75,3,2
79,0.75,4,5
79,0.75,5,8
79,0.75,6,17
79,0.75,7,21
79,0.75,8,40
79,0.75,9,49
79,0.75,10,28
79,0.75,11,13
79,0.75,12,5
79,0.75,13,3
79,1,6,1
79,1,8,6
79,1,9,13
79,1,10,20
79,1,11,25
79,1,12,38
79,1,13,30
79,1,14,40
79,1,15,41
79,1,16,29
79,1,17,11
79,1,18,2
80,0.25,0,1
80,0.25,1,6
80,0.25,2,9
80,0.25,3,13
80,0.25,4,13
80,0.25,5,11
80,0.25,6,7
80,0.25,7,3
80,0.25,8,1
80,0.5,0,1
80,0.5,1,6
80,0.5,2,9
80,0.5,3,13
80,0.5,4,14
80,0.5,5,16
80,0.5,6,14
80,0.5,7,16
80,0.5,8,12
80,0.5,9,15
80,0.5,10,10
80,0.5,11,2
80,0.75,1,5
80,0.75,2,6
80,0.75,3,9
80,0.75,4,14
80,0.75,5,15
80,0.75,6,14
80,0.75,7,19
80,0.75,8,23
80,0.75,9,25
80,0.75,10,17
80,0.75,11,18
80,0.75,12,18
80,0.75,13,8
80,0.75,14,1
80,1,1,1
80,1,3,1
80,1,4,6
80,1,5,4
80,1,6,10
80,1,7,13
80,1,8,16
80,1,9,19
80,1,10,16
80,1,11,17
80,1,12,21
80,1,13,23
80,1,14,30
80,1,15,28
80,1,16,22
80,1,17,14
80,1,18,12
80,1,19,3
81,0.25,3,2
81,0.25,4,11
81,0.25,5,7
81,0.25,6,11
81,0.25,7,15
81,0.25,8,13
81,0.25,9,4
81,0.25,10,1
81,0.5,6,9
81,0.5,7,21
81,0.5,8,25
81,0.5,9,20
81,0.5,10,17
81,0.5,11,17
81,0.5,12,11
81,0.5,13,7
81,0.5,14,1
81,0.75,7,2
81,0.75,8,9
81,0.75,9,14
81,0.75,10,31
81,0.75,11,37
81,0.75,12,31
81,0.75,13,21
81,0.75,14,16
81,0.75,15,14
81,0.75,16,10
81,0.75,17,5
81,0.75,18,2
81,1,11,2
81,1,12,8
81,1,13,20
81,1,14,29
81,1,15,32
81,1,16,29
81,1,17,25
81,1,18,26
81,1,19,30
81,1,20,20
81,1,21,9
81,1,22,9
81,1,23,4
81,1,24,6
81,1,25,5
81,1,26,1
81,1,27,1
82,0.25,0,1
82,0.25,1,4
82,0.25,2,7
82,0.25,3,8
82,0.25,4,13
82,0.25,5,11
82,0.25,6,10
82,0.25,7,5
82,0.25,8,4
82,0.25,9,1
82,0.5,1,3
82,0.5,2,5
82,0.5,3,6
82,0.5,4,9
82,0.5,5,18
82,0.5,6,15
82,0.5,7,20
82,0.5,8,20
82,0.5,9,18
82,0.5,10,11
82,0.5,11,3
82,0.75,2,2
82,0.75,3,5
82,0.75,4,4
82,0.75,5,7
82,0.75,6,16
82,0.75,7,17
82,0.75,8,29
82,0.75,9,30
82,0.75,10,29
82,0.75,11,34
82,0.75,12,12
82,0.75,13,5
82,0.75,14,2
82,1,8,1
82,1,9,4
82,1,10,4
82,1,11,18
82,1,12,32
82,1,13,35
82,1,14,29
82,1,15,25
82,1,16,31
82,1,17,36
82,1,18,20
82,1,19,15
82,1,20,5
82,1,21,1
83,0.25,4,5
83,0.25,5,12
83,0.25,6,13
83,0.25,7,10
83,0.25,8,17
83,0.25,9,7
83,0.5,6,7
83,0.5,7,20
83,0.5,8,25
83,0.5,9,20
83,0.5,10,24
83,0.5,11,24
83,0.5,12,8
83,0.75,6,1
83,0.75,7,8
83,0.75,8,14
83,0.75,9,29
83,0.75,10,29
83,0.75,11,35
83,0.75,12,34
83,0.75,13,29
83,0.75,14,8
83,0.75,15,5
83,1,12,1
83,1,13,2
83,1,14,10
83,1,15,22
83,1,16,28
83,1,17,40
83,1,18,43
83,1,19,42
83,1,20,26
83,1,21,18
83,1,22,11
83,1,23,6
83,1,24,5
83,1,25,1
83,1,26,1
84,0.25,0,1
84,0.25,1,1
84,0.25,3,6
84,0.25,4,11
84,0.25,5,14
84,0.25,6,18
84,0.25,7,10
84,0.25,8,3
84,0.5,0,1
84,0.5,1,1
84,0.5,3,1
84,0.5,4,6
84,0.5,5,10
84,0.5,6,24
84,0.5,7,30
84,0.5,8,22
84,0.5,9,17
84,0.5,10,10
84,0.5,11,6
84,0.75,3,1
84,0.75,4,1
84,0.75,5,3
84,0.75,6,6
84,0.75,7,22
84,0.75,8,19
84,0.75,9,34
84,0.75,10,40
84,0.75,11,28
84,0.75,12,19
84,0.75,13,14
84,0.75,14,5
84,1,8,2
84,1,9,5
84,1,10,7
84,1,11,12
84,1,12,26
84,1,13,38
84,1,14,39
84,1,15,38
84,1,16,32
84,1,17,19
84,1,18,17
84,1,19,14
84,1,20,5
84,1,21,2
85,0.25,0,1
85,0.25,1,1
85,0.25,2,5
85,0.25,3,9
85,0.25,4,16
85,0.25,5,17
85,0.25,6,10
85,0.25,7,5
85,0.5,2,1
85,0.5,3,4
85,0.5,4,6
85,0.5,5,12
85,0.5,6,23
85,0.5,7,32
85,0.5,8,27
85,0.5,9,16
85,0.5,10,6
85,0.5,11,1
85,0.75,4,2
85,0.75,5,6
85,0.75,6,6
85,0.75,7,16
85,0.75,8,36
85,0.75,9,45
85,0.75,10,44
85,0.75,11,27
85,0.75,12,10
85,1,10,3
85,1,11,5
85,1,12,8
85,1,13,12
85,1,14,29
85,1,15,47
85,1,16,37
85,1,17,32
85,1,18,37
85,1,19,32
85,1,20,13
85,1,21,1
86,0.25,2,1
86,0.25,3,3
86,0.25,4,10
86,0.25,5,15
86,0.25,6,16
86,0.25,7,10
86,0.25,8,7
86,0.25,9,2
86,0.5,4,3
86,0.5,5,2
86,0.5,6,7
86,0.5,7,10
86,0.5,8,23
86,0.5,9,27
86,0.5,10,24
86,0.5,11,19
86,0.5,12,9
86,0.5,13,3
86,0.5,14,1
86,0.75,7,7
86,0.75,8,11
86,0.75,9,22
86,0.75,10,35
86,0.75,11,43
86,0.75,12,33
86,0.75,13,25
86,0.75,14,10
86,0.75,15,4
86,0.75,16,2
86,1,10,1
86,1,11,4
86,1,12,8
86,1,13,19
86,1,14,25
86,1,15,33
86,1,16,36
86,1,17,33
86,1,18,35
86,1,19,23
86,1,20,13
86,1,21,8
86,1,22,9
86,1,23,6
86,1,24,3
87,0.25,3,2
87,0.25,4,7
87,0.25,5,14
87,0.25,6,14
87,0.25,7,13
87,0.25,8,9
87,0.25,9,4
87,0.25,10,1
87,0.5,3,1
87,0.5,4,3
87,0.5,5,11
87,0.5,6,9
87,0.5,7,21
87,0.5,8,23
87,0.5,9,21
87,0.5,10,19
87,0.5,11,13
87,0.5,12,6
87,0.5,13,1
87,0.75,3,1
87,0.75,4,1
87,0.75,5,4
87,0.75,6,3
87,0.75,7,10
87,0.75,8,21
87,0.75,9,26
87,0.75,10,30
87,0.75,11,34
87,0.75,12,30
87,0.75,13,20
87,0.75,14,10
87,0.75,15,2
87,1,12,1
87,1,13,8
87,1,14,10
87,1,15,21
87,1,16,31
87,1,17,32
87,1,18,45
87,1,19,53
87,1,20,32
87,1,21,13
87,1,22,4
87,1,23,5
87,1,24,1
88,0.25,0,1
88,0.25,1,2
88,0.25,2,6
88,0.25,3,13
88,0.25,4,18
88,0.25,5,12
88,0.25,6,7
88,0.25,7,5
88,0.5,1,1
88,0.5,2,2
88,0.5,3,6
88,0.5,4,13
88,0.5,5,21
88,0.5,6,21
88,0.5,7,30
88,0.5,8,21
88,0.5,9,10
88,0.5,10,3
88,0.75,3,3
88,0.75,4,6
88,0.75,5,13
88,0.75,6,19
88,0.75,7,34
88,0.75,8,38
88,0.75,9,35
88,0.75,10,25
88,0.75,11,12
88,0.75,12,6
88,0.75,13,1
88,1,7,2
88,1,8,3
88,1,9,10
88,1,10,15
88,1,11,21
88,1,12,31
88,1,13,38
88,1,14,51
88,1,15,41
88,1,16,18
88,1,17,14
88,1,18,5
88,1,19,4
88,1,20,3
89,0.25,0,1
89,0.25,1,3
89,0.25,2,4
89,0.25,3,7
89,0.25,4,15
89,0.25,5,15
89,0.25,6,8
89,0.25,7,8
89,0.25,8,3
89,0.5,2,3
89,0.5,3,6
89,0.5,4,12
89,0.5,5,14
89,0.5,6,23
89,0.5,7,24
89,0.5,8,18
89,0.5,9,14
89,0.5,10,10
89,0.5,11,3
89,0.5,12,1
89,0.75,2,2
89,0.75,3,2
89,0.75,4,6
89,0.75,5,8
89,0.75,6,15
89,0.75,7,24
89,0.75,8,33
89,0.75,9,39
89,0.75,10,28
89,0.75,11,21
89,0.75,12,8
89,0.75,13,3
89,0.75,14,2
89,0.75,15,1
89,1,8,3
89,1,9,1
89,1,10,5
89,1,11,14
89,1,12,20
89,1,13,29
89,1,14,43
89,1,15,45
89,1,16,38
89,1,17,21
89,1,18,18
89,1,19,11
89,1,20,6
89,1,21,2
90,0.25,0,1
90,0.25,1,4
90,0.25,2,6
90,0.25,3,8
90,0.25,4,10
90,0.25,5,14
90,0.25,6,11
90,0.25,7,7
90,0.25,8,3
90,0.5,0,1
90,0.5,1,4
90,0.5,2,7
90,0.5,3,10
90,0.5,4,12
90,0.5,5,17
90,0.5,6,18
90,0.5,7,20
90,0.5,8,18
90,0.5,9,15
90,0.5,10,5
90,0.5,11,1
90,0.75,0,1
90,0.75,1,4
90,0.75,2,7
90,0.75,3,10
90,0.75,4,10
90,0.75,5,15
90,0.75,6,22
90,0.75,7,24
90,0.75,8,24
90,0.75,9,24
90,0.75,10,24
90,0.75,11,16
90,0.75,12,7
90,0.75,13,4
90,1,6,2
90,1,7,1
90,1,8,8
90,1,9,4
90,1,10,6
90,1,11,8
90,1,12,15
90,1,13,20
90,1,14,26
90,1,15,24
90,1,16,25
90,1,17,27
90,1,18,34
90,1,19,24
90,1,20,17
90,1,21,11
90,1,22,2
90,1,23,1
90,1,24,1
91,0.25,0,1
91,0.25,1,3
91,0.25,2,9
91,0.25,3,10
91,0.25,4,9
91,0.25,5,12
91,0.25,6,11
91,0.25,7,6
91,0.25,8,3
91,0.5,0,1
91,0.5,2,2
91,0.5,3,2
91,0.5,4,4
91,0.5,5,11
91,0.5,6,24
91,0.5,7,21
91,0.5,8,18
91,0.5,9,20
91,0.5,10,14
91,0.5,11,8
91,0.5,12,3
91,0.75,2,1
91,0.75,3,1
91,0.75,5,5
91,0.75,6,17
91,0.75,7,28
91,0.75,8,27
91,0.75,9,24
91,0.75,10,22
91,0.75,11,24
91,0.75,12,21
91,0.75,13,12
91,0.75,14,6
91,0.75,15,3
91,0.75,16,1
91,1,9,1
91,1,10,4
91,1,11,6
91,1,12,7
91,1,13,13
91,1,14,18
91,1,15,21
91,1,16,26
91,1,17,28
91,1,18,32
91,1,19,25
91,1,20,16
91,1,21,20
91,1,22,13
91,1,23,11
91,1,24,9
91,1,25,5
91,1,26,1
92,0.25,3,2
92,0.25,4,4
92,0.25,5,5
92,0.25,6,13
92,0.25,7,21
92,0.25,8,13
92,0.25,9,5
92,0.25,10,1
92,0.5,5,2
92,0.5,6,7
92,0.5,7,12
92,0.5,8,24
92,0.5,9,30
92,0.5,10,24
92,0.5,11,17
92,0.5,12,10
92,0.5,13,2
92,0.75,5,2
92,0.75,6,1
92,0.75,7,5
92,0.75,8,12
92,0.75,9,22
92,0.75,10,34
92,0.75,11,44
92,0.75,12,32
92,0.75,13,23
92,0.75,14,13
92,0.75,15,3
92,0.75,16,1
92,1,9,2
92,1,10,2
92,1,11,3
92,1,12,5
92,1,13,12
92,1,14,29
92,1,15,36
92,1,16,35
92,1,17,41
92,1,18,39
92,1,19,28
92,1,20,18
92,1,21,6
93,0.25,0,1
93,0.25,1,2
93,0.25,2,6
93,0.25,3,12
93,0.25,4,16
93,0.25,5,14
93,0.25,6,8
93,0.25,7,5
93,0.5,0,1
93,0.5,1,2
93,0.5,2,6
93,0.5,3,11
93,0.5,4,18
93,0.5,5,18
93,0.5,6,19
93,0.5,7,26
93,0.5,8,17
93,0.5,9,9
93,0.5,10,1
93,0.75,1,1
93,0.75,2,1
93,0.75,3,9
93,0.75,4,5
93,0.75,5,5
93,0.75,6,8
93,0.75,7,26
93,0.75,8,40
93,0.75,9,44
93,0.75,10,30
93,0.75,11,16
93,0.75,12,6
93,0.75,13,1
93,1,10,1
93,1,11,2
93,1,12,3
93,1,13,9
93,1,14,15
93,1,15,24
93,1,16,32
93,1,17,45
93,1,18,39
93,1,19,31
93,1,20,21
93,1,21,19
93,1,22,11
93,1,23,3
93,1,24,1
94,0.25,1,2
94,0.25,2,1
94,0.25,3,6
94,0.25,4,14
94,0.25,5,16
94,0.25,6,12
94,0.25,7,9
94,0.25,8,4
94,0.5,3,1
94,0.5,4,5
94,0.5,5,16
94,0.5,6,24
94,0.5,7,21
94,0.5,8,29
94,0.5,9,18
94,0.5,10,14
94,0.75,4,1
94,0.75,5,1
94,0.75,6,6
94,0.75,7,23
94,0.75,8,27
94,0.75,9,27
94,0.75,10,32
94,0.75,11,36
94,0.75,12,25
94,0.75,13,14
94,1,9,1
94,1,10,2
94,1,11,4
94,1,12,6
94,1,13,10
94,1,14,15
94,1,15,24
94,1,16,29
94,1,17,30
94,1,18,34
94,1,19,37
94,1,20,28
94,1,21,21
94,1,22,10
94,1,23,3
94,1,24,2
95,0.25,2,1
95,0.25,3,7
95,0.25,4,12
95,0.25,5,9
95,0.25,6,13
95,0.25,7,14
95,0.25,8,5
95,0.25,9,2
95,0.25,10,1
95,0.5,4,5
95,0.5,5,11
95,0.5,6,24
95,0.5,7,30
95,0.5,8,23
95,0.5,9,15
95,0.5,10,10
95,0.5,11,7
95,0.5,12,2
95,0.5,13,1
95,0.75,5,3
95,0.75,6,14
95,0.75,7,20
95,0.75,8,35
95,0.75,9,43
95,0.75,10,34
95,0.75,11,24
95,0.75,12,10
95,0.75,13,5
95,0.75,14,3
95,0.75,15,1
95,1,9,2
95,1,10,4
95,1,11,5
95,1,12,15
95,1,13,25
95,1,14,32
95,1,15,56
95,1,16,44
95,1,17,32
95,1,18,16
95,1,19,11
95,1,20,5
95,1,21,8
95,1,22,1
96,0.25,1,1
96,0.25,2,1
96,0.25,3,3
96,0.25,4,5
96,0.25,5,11
96,0.25,6,16
96,0.25,7,11
96,0.25,8,9
96,0.25,9,3
96,0.25,10,3
96,0.25,11,1
96,0.5,4,1
96,0.5,5,1
96,0.5,6,4
96,0.5,7,17
96,0.5,8,30
96,0.5,9,33
96,0.5,10,23
96,0.5,11,10
96,0.5,12,5
96,0.5,13,3
96,0.5,14,1
96,0.75,6,1
96,0.75,7,3
96,0.75,8,15
96,0.75,9,19
96,0.75,10,35
96,0.75,11,43
96,0.75,12,32
96,0.75,13,22
96,0.75,14,11
96,0.75,15,6
96,0.75,16,4
96,0.75,17,1
96,1,10,4
96,1,11,6
96,1,12,14
96,1,13,21
96,1,14,30
96,1,15,39
96,1,16,42
96,1,17,30
96,1,18,25
96,1,19,19
96,1,20,10
96,1,21,9
96,1,22,5
96,1,23,1
96,1,24,1
97,0.25,2,2
97,0.25,3,9
97,0.25,4,16
97,0.25,5,18
97,0.25,6,12
97,0.25,7,6
97,0.25,8,1
97,0.5,2,1
97,0.5,4,5
97,0.5,5,12
97,0.5,6,23
97,0.5,7,38
97,0.5,8,31
97,0.5,9,14
97,0.5,10,4
97,0.75,4,1
97,0.75,5,8
97,0.75,6,11
97,0.75,7,16
97,0.75,8,35
97,0.75,9,40
97,0.75,10,39
97,0.75,11,26
97,0.75,12,14
97,0.75,13,2
97,1,8,2
97,1,10,1
97,1,11,2
97,1,12,3
97,1,13,9
97,1,14,19
97,1,15,23
97,1,16,32
97,1,17,33
97,1,18,38
97,1,19,45
97,1,20,29
97,1,21,15
97,1,22,4
97,1,23,1
98,0.25,0,1
98,0.25,1,3
98,0.25,2,4
98,0.25,3,6
98,0.25,4,12
98,0.25,5,14
98,0.25,6,14
98,0.25,7,6
98,0.25,8,2
98,0.25,9,2
98,0.5,0,1
98,0.5,1,2
98,0.5,2,4
98,0.5,3,6
98,0.5,4,8
98,0.5,5,14
98,0.5,6,15
98,0.5,7,28
98,0.5,8,25
98,0.5,9,14
98,0.5,10,7
98,0.5,11,3
98,0.5,12,1
98,0.75,0,1
98,0.75,1,2
98,0.75,2,1
98,0.75,3,5
98,0.75,4,5
98,0.75,5,9
98,0.75,6,9
98,0.75,7,14
98,0.75,8,28
98,0.75,9,47
98,0.75,10,40
98,0.75,11,23
98,0.75,12,7
98,0.75,13,1
98,1,2,1
98,1,3,1
98,1,6,2
98,1,7,2
98,1,8,7
98,1,9,21
98,1,10,22
98,1,11,33
98,1,12,40
98,1,13,47
98,1,14,36
98,1,15,24
98,1,16,16
98,1,17,4
99,0.25,2,6
99,0.25,3,12
99,0.25,4,16
99,0.25,5,13
99,0.25,6,11
99,0.25,7,5
99,0.25,8,1
99,0.5,2,3
99,0.5,3,8
99,0.5,4,15
99,0.5,5,24
99,0.5,6,22
99,0.5,7,22
99,0.5,8,17
99,0.5,9,10
99,0.5,10,6
99,0.5,11,1
99,0.75,3,2
99,0.75,4,8
99,0.75,5,13
99,0.75,6,27
99,0.75,7,31
99,0.75,8,32
99,0.75,9,28
99,0.75,10,23
99,0.75,11,16
99,0.75,12,9
99,0.75,13,3
99,1,8,3
99,1,9,4
99,1,10,8
99,1,11,8
99,1,12,23
99,1,13,34
99,1,14,45
99,1,15,49
99,1,16,31
99,1,17,23
99,1,18,19
99,1,19,7
99,1,20,2
