#mc_id,pct_full,cell_generation,num_cells
0,0.25,0,1
0,0.25,1,4
0,0.25,2,6
0,0.25,3,4
0,0.25,4,1
0,0.5,0,1
0,0.5,1,4
0,0.5,2,9
0,0.5,3,10
0,0.5,4,6
0,0.5,5,2
0,0.75,1,4
0,0.75,2,11
0,0.75,3,14
0,0.75,4,14
0,0.75,5,5
0,1,1,1
0,1,2,9
0,1,3,16
0,1,4,18
0,1,5,16
0,1,6,3
0,1,7,1
1,0.25,0,1
1,0.25,1,3
1,0.25,2,5
1,0.25,3,4
1,0.25,4,3
1,0.5,0,1
1,0.5,1,4
1,0.5,2,7
1,0.5,3,9
1,0.5,4,7
1,0.5,5,4
1,0.75,0,1
1,0.75,1,4
1,0.75,2,6
1,0.75,3,12
1,0.75,4,15
1,0.75,5,8
1,0.75,6,2
1,1,0,1
1,1,1,2
1,1,2,1
1,1,3,8
1,1,4,15
1,1,5,21
1,1,6,12
1,1,7,3
1,1,8,1
2,0.25,0,1
2,0.25,1,4
2,0.25,2,6
2,0.25,3,4
2,0.25,4,1
2,0.5,0,1
2,0.5,1,4
2,0.5,2,10
2,0.5,3,9
2,0.5,4,6
2,0.5,5,1
2,0.5,6,1
2,0.75,0,1
2,0.75,1,4
2,0.75,2,12
2,0.75,3,8
2,0.75,4,13
2,0.75,5,7
2,0.75,6,3
2,1,0,1
2,1,1,4
2,1,2,11
2,1,3,7
2,1,4,15
2,1,5,14
2,1,6,10
2,1,7,2
3,0.25,0,1
3,0.25,1,4
3,0.25,2,5
3,0.25,3,5
3,0.25,4,1
3,0.5,0,1
3,0.5,1,3
3,0.5,2,5
3,0.5,3,9
3,0.5,4,9
3,0.5,5,4
3,0.5,6,1
3,0.75,1,1
3,0.75,2,3
3,0.75,3,9
3,0.75,4,14
3,0.75,5,14
3,0.75,6,6
3,0.75,7,1
3,1,2,2
3,1,3,9
3,1,4,12
3,1,5,16
3,1,6,14
3,1,7,7
3,1,8,4
4,0.25,0,1
4,0.25,1,4
4,0.25,2,6
4,0.25,3,4
4,0.25,4,1
4,0.5,0,1
4,0.5,1,4
4,0.5,2,9
4,0.5,3,10
4,0.5,4,6
4,0.5,5,2
4,0.75,0,1
4,0.75,1,3
4,0.75,2,9
4,0.75,3,17
4,0.75,4,11
4,0.75,5,5
4,0.75,6,2
4,1,0,1
4,1,1,1
4,1,2,1
4,1,3,10
4,1,4,17
4,1,5,14
4,1,6,12
4,1,7,6
4,1,8,2
5,0.25,0,1
5,0.25,1,4
5,0.25,2,6
5,0.25,3,4
5,0.25,4,1
5,0.5,0,1
5,0.5,1,4
5,0.5,2,12
5,0.5,3,8
5,0.5,4,7
5,0.75,0,1
5,0.75,1,4
5,0.75,2,9
5,0.75,3,12
5,0.75,4,13
5,0.75,5,7
5,0.75,6,2
5,1,0,1
5,1,1,3
5,1,2,7
5,1,3,9
5,1,4,16
5,1,5,17
5,1,6,10
5,1,7,1
6,0.25,0,1
6,0.25,1,4
6,0.25,2,6
6,0.25,3,4
6,0.25,4,1
6,0.5,0,1
6,0.5,1,5
6,0.5,2,8
6,0.5,3,10
6,0.5,4,7
6,0.5,5,1
6,0.75,0,1
6,0.75,1,4
6,0.75,2,7
6,0.75,3,11
6,0.75,4,16
6,0.75,5,6
6,0.75,6,2
6,0.75,7,1
6,1,0,1
6,1,1,4
6,1,2,7
6,1,3,6
6,1,4,20
6,1,5,17
6,1,6,7
6,1,7,1
6,1,8,1
7,0.25,1,4
7,0.25,2,7
7,0.25,3,4
7,0.25,4,1
7,0.5,1,3
7,0.5,2,9
7,0.5,3,11
7,0.5,4,7
7,0.5,5,2
7,0.75,1,1
7,0.75,2,9
7,0.75,3,14
7,0.75,4,13
7,0.75,5,8
7,0.75,6,3
7,1,2,3
7,1,3,10
7,1,4,21
7,1,5,17
7,1,6,7
7,1,7,5
7,1,8,1
8,0.25,0,1
8,0.25,1,4
8,0.25,2,6
8,0.25,3,4
8,0.25,4,1
8,0.5,0,1
8,0.5,1,5
8,0.5,2,10
8,0.5,3,10
8,0.5,4,5
8,0.5,5,1
8,0.75,1,2
8,0.75,2,10
8,0.75,3,16
8,0.75,4,14
8,0.75,5,5
8,0.75,6,1
8,1,4,3
8,1,5,6
8,1,6,8
8,1,7,8
8,1,8,8
8,1,9,8
8,1,10,13
8,1,11,6
8,1,12,3
8,1,13,1
9,0.25,0,1
9,0.25,1,4
9,0.25,2,6
9,0.25,3,4
9,0.25,4,1
9,0.5,0,1
9,0.5,1,4
9,0.5,2,9
9,0.5,3,10
9,0.5,4,6
9,0.5,5,2
9,0.75,1,3
9,0.75,2,8
9,0.75,3,16
9,0.75,4,13
9,0.75,5,7
9,0.75,6,1
9,1,1,2
9,1,2,7
9,1,3,12
9,1,4,15
9,1,5,15
9,1,6,7
9,1,7,4
9,1,8,2
10,0.25,1,4
10,0.25,2,7
10,0.25,3,4
10,0.25,4,1
10,0.5,1,3
10,0.5,2,10
10,0.5,3,12
10,0.5,4,6
10,0.5,5,1
10,0.75,1,3
10,0.75,2,8
10,0.75,3,16
10,0.75,4,15
10,0.75,5,5
10,0.75,6,1
10,1,1,1
10,1,2,4
10,1,3,9
10,1,4,20
10,1,5,17
10,1,6,10
10,1,7,2
10,1,8,1
11,0.25,0,1
11,0.25,1,4
11,0.25,2,6
11,0.25,3,4
11,0.25,4,1
11,0.5,0,1
11,0.5,1,5
11,0.5,2,10
11,0.5,3,8
11,0.5,4,6
11,0.5,5,2
11,0.75,0,1
11,0.75,1,5
11,0.75,2,12
11,0.75,3,12
11,0.75,4,10
11,0.75,5,6
11,0.75,6,2
11,1,0,1
11,1,1,4
11,1,2,11
11,1,3,14
11,1,4,15
11,1,5,11
11,1,6,6
11,1,7,2
12,0.25,0,1
12,0.25,1,3
12,0.25,2,5
12,0.25,3,4
12,0.25,4,3
12,0.5,1,4
12,0.5,2,5
12,0.5,3,9
12,0.5,4,9
12,0.5,5,4
12,0.5,6,1
12,0.75,1,2
12,0.75,2,4
12,0.75,3,12
12,0.75,4,14
12,0.75,5,11
12,0.75,6,5
12,1,2,1
12,1,3,3
12,1,4,9
12,1,5,20
12,1,6,20
12,1,7,9
12,1,8,2
13,0.25,0,1
13,0.25,1,4
13,0.25,2,6
13,0.25,3,4
13,0.25,4,1
13,0.5,0,1
13,0.5,1,4
13,0.5,2,8
13,0.5,3,10
13,0.5,4,7
13,0.5,5,2
13,0.75,1,2
13,0.75,2,8
13,0.75,3,14
13,0.75,4,14
13,0.75,5,6
13,0.75,6,3
13,0.75,7,1
13,1,3,6
13,1,4,20
13,1,5,18
13,1,6,13
13,1,7,3
13,1,8,2
13,1,9,2
14,0.25,0,1
14,0.25,1,3
14,0.25,2,5
14,0.25,3,5
14,0.25,4,2
14,0.5,1,3
14,0.5,2,5
14,0.5,3,11
14,0.5,4,9
14,0.5,5,4
14,0.75,2,1
14,0.75,3,9
14,0.75,4,14
14,0.75,5,11
14,0.75,6,9
14,0.75,7,4
14,1,2,1
14,1,3,3
14,1,4,4
14,1,5,11
14,1,6,15
14,1,7,11
14,1,8,10
14,1,9,8
14,1,10,1
15,0.25,0,1
15,0.25,1,4
15,0.25,2,6
15,0.25,3,4
15,0.25,4,1
15,0.5,1,4
15,0.5,2,8
15,0.5,3,8
15,0.5,4,8
15,0.5,5,3
15,0.5,6,1
15,0.75,1,1
15,0.75,2,4
15,0.75,3,10
15,0.75,4,15
15,0.75,5,11
15,0.75,6,4
15,0.75,7,3
15,1,4,2
15,1,5,6
15,1,6,7
15,1,7,8
15,1,8,13
15,1,9,10
15,1,10,8
15,1,11,6
15,1,12,3
15,1,13,1
16,0.25,0,1
16,0.25,1,3
16,0.25,2,6
16,0.25,3,5
16,0.25,4,1
16,0.5,0,1
16,0.5,1,3
16,0.5,2,8
16,0.5,3,11
16,0.5,4,6
16,0.5,5,2
16,0.5,6,1
16,0.75,1,1
16,0.75,2,7
16,0.75,3,14
16,0.75,4,10
16,0.75,5,8
16,0.75,6,6
16,0.75,7,2
16,1,3,1
16,1,4,5
16,1,5,17
16,1,6,20
16,1,7,10
16,1,8,6
16,1,9,4
16,1,10,1
17,0.25,0,1
17,0.25,1,4
17,0.25,2,6
17,0.25,3,4
17,0.25,4,1
17,0.5,1,5
17,0.5,2,10
17,0.5,3,11
17,0.5,4,5
17,0.5,5,1
17,0.75,1,2
17,0.75,2,8
17,0.75,3,12
17,0.75,4,13
17,0.75,5,9
17,0.75,6,4
17,1,2,6
17,1,3,11
17,1,4,19
17,1,5,16
17,1,6,10
17,1,7,2
18,0.25,1,2
18,0.25,2,7
18,0.25,3,5
18,0.25,4,2
18,0.5,1,1
18,0.5,2,8
18,0.5,3,14
18,0.5,4,7
18,0.5,5,2
18,0.75,2,5
18,0.75,3,15
18,0.75,4,18
18,0.75,5,8
18,0.75,6,2
18,1,2,4
18,1,3,8
18,1,4,9
18,1,5,18
18,1,6,14
18,1,7,6
18,1,8,2
18,1,9,3
19,0.25,0,1
19,0.25,1,4
19,0.25,2,6
19,0.25,3,5
19,0.5,0,1
19,0.5,1,2
19,0.5,2,8
19,0.5,3,11
19,0.5,4,8
19,0.5,5,2
19,0.75,0,1
19,0.75,1,1
19,0.75,2,3
19,0.75,3,12
19,0.75,4,14
19,0.75,5,12
19,0.75,6,5
19,1,3,2
19,1,4,11
19,1,5,10
19,1,6,16
19,1,7,11
19,1,8,8
19,1,9,5
19,1,10,1
20,0.25,0,1
20,0.25,1,4
20,0.25,2,6
20,0.25,3,4
20,0.25,4,1
20,0.5,1,5
20,0.5,2,9
20,0.5,3,9
20,0.5,4,7
20,0.5,5,2
20,0.75,1,3
20,0.75,2,9
20,0.75,3,12
20,0.75,4,15
20,0.75,5,9
20,1,1,1
20,1,2,7
20,1,3,9
20,1,4,16
20,1,5,18
20,1,6,10
20,1,7,3
21,0.25,0,1
21,0.25,1,4
21,0.25,2,7
21,0.25,3,3
21,0.25,4,1
21,0.5,0,1
21,0.5,1,2
21,0.5,2,8
21,0.5,3,10
21,0.5,4,7
21,0.5,5,3
21,0.5,6,1
21,0.75,1,2
21,0.75,2,7
21,0.75,3,13
21,0.75,4,15
21,0.75,5,8
21,0.75,6,3
21,1,1,2
21,1,2,3
21,1,3,12
21,1,4,19
21,1,5,17
21,1,6,8
21,1,7,3
22,0.25,0,1
22,0.25,1,4
22,0.25,2,6
22,0.25,3,4
22,0.25,4,1
22,0.5,0,1
22,0.5,1,4
22,0.5,2,7
22,0.5,3,11
22,0.5,4,7
22,0.5,5,2
22,0.75,0,1
22,0.75,1,3
22,0.75,2,8
22,0.75,3,12
22,0.75,4,13
22,0.75,5,11
22,1,0,1
22,1,2,5
22,1,3,13
22,1,4,15
22,1,5,16
22,1,6,9
22,1,7,4
22,1,8,1
23,0.25,0,1
23,0.25,1,4
23,0.25,2,6
23,0.25,3,4
23,0.25,4,1
23,0.5,0,1
23,0.5,1,5
23,0.5,2,9
23,0.5,3,11
23,0.5,4,5
23,0.5,5,1
23,0.75,0,1
23,0.75,1,4
23,0.75,2,12
23,0.75,3,13
23,0.75,4,9
23,0.75,5,6
23,0.75,6,2
23,0.75,7,1
23,1,0,1
23,1,1,2
23,1,2,8
23,1,3,16
23,1,4,14
23,1,5,10
23,1,6,8
23,1,7,4
23,1,8,1
24,0.25,1,2
24,0.25,2,5
24,0.25,3,5
24,0.25,4,3
24,0.25,5,1
24,0.5,2,4
24,0.5,3,9
24,0.5,4,9
24,0.5,5,6
24,0.5,6,3
24,0.5,7,1
24,0.75,2,3
24,0.75,3,8
24,0.75,4,11
24,0.75,5,14
24,0.75,6,8
24,0.75,7,3
24,0.75,8,1
24,1,2,1
24,1,3,4
24,1,4,2
24,1,5,9
24,1,6,13
24,1,7,13
24,1,8,8
24,1,9,6
24,1,10,6
24,1,11,2
25,0.25,0,1
25,0.25,1,4
25,0.25,2,6
25,0.25,3,3
25,0.25,4,2
25,0.5,0,1
25,0.5,1,4
25,0.5,2,10
25,0.5,3,9
25,0.5,4,5
25,0.5,5,3
25,0.75,0,1
25,0.75,1,4
25,0.75,2,10
25,0.75,3,15
25,0.75,4,9
25,0.75,5,6
25,0.75,6,3
25,1,1,2
25,1,2,10
25,1,3,14
25,1,4,14
25,1,5,12
25,1,6,8
25,1,7,3
25,1,8,1
26,0.25,0,1
26,0.25,1,4
26,0.25,2,6
26,0.25,3,4
26,0.25,4,1
26,0.5,0,1
26,0.5,1,5
26,0.5,2,9
26,0.5,3,10
26,0.5,4,5
26,0.5,5,1
26,0.5,6,1
26,0.75,0,1
26,0.75,1,5
26,0.75,2,11
26,0.75,3,12
26,0.75,4,13
26,0.75,5,5
26,0.75,6,1
26,1,0,1
26,1,1,5
26,1,2,8
26,1,3,12
26,1,4,21
26,1,5,11
26,1,6,5
26,1,7,1
27,0.25,0,1
27,0.25,1,5
27,0.25,2,5
27,0.25,3,4
27,0.25,4,1
27,0.5,1,4
27,0.5,2,7
27,0.5,3,8
27,0.5,4,10
27,0.5,5,3
27,0.75,1,4
27,0.75,2,5
27,0.75,3,12
27,0.75,4,16
27,0.75,5,10
27,0.75,6,1
27,1,1,1
27,1,2,3
27,1,3,11
27,1,4,13
27,1,5,15
27,1,6,11
27,1,7,8
27,1,8,2
28,0.25,0,1
28,0.25,1,5
28,0.25,2,6
28,0.25,3,3
28,0.25,4,1
28,0.5,0,1
28,0.5,1,5
28,0.5,2,9
28,0.5,3,13
28,0.5,4,4
28,0.75,0,1
28,0.75,1,3
28,0.75,2,8
28,0.75,3,15
28,0.75,4,14
28,0.75,5,6
28,0.75,6,1
28,1,0,1
28,1,1,1
28,1,2,5
28,1,3,13
28,1,4,13
28,1,5,15
28,1,6,12
28,1,7,4
29,0.25,0,1
29,0.25,1,3
29,0.25,2,6
29,0.25,3,5
29,0.25,4,1
29,0.5,1,4
29,0.5,2,8
29,0.5,3,11
29,0.5,4,7
29,0.5,5,2
29,0.75,1,3
29,0.75,2,8
29,0.75,3,15
29,0.75,4,14
29,0.75,5,7
29,0.75,6,1
29,1,1,2
29,1,2,7
29,1,3,12
29,1,4,19
29,1,5,17
29,1,6,7
30,0.25,2,1
30,0.25,3,5
30,0.25,4,6
30,0.25,5,3
30,0.25,6,1
30,0.5,2,1
30,0.5,3,4
30,0.5,4,8
30,0.5,5,11
30,0.5,6,6
30,0.5,7,2
30,0.75,2,1
30,0.75,3,4
30,0.75,4,8
30,0.75,5,16
30,0.75,6,10
30,0.75,7,7
30,0.75,8,2
30,1,7,2
30,1,8,2
30,1,9,8
30,1,10,11
30,1,11,11
30,1,12,7
30,1,13,5
30,1,14,7
30,1,15,5
30,1,16,5
30,1,17,1
31,0.25,0,1
31,0.25,1,3
31,0.25,2,5
31,0.25,3,6
31,0.25,4,1
31,0.5,0,1
31,0.5,1,1
31,0.5,2,7
31,0.5,3,10
31,0.5,4,9
31,0.5,5,3
31,0.5,6,1
31,0.75,0,1
31,0.75,1,1
31,0.75,2,7
31,0.75,3,13
31,0.75,4,16
31,0.75,5,8
31,0.75,6,2
31,1,1,1
31,1,2,6
31,1,3,10
31,1,4,16
31,1,5,14
31,1,6,10
31,1,7,7
32,0.25,1,1
32,0.25,2,3
32,0.25,3,4
32,0.25,4,4
32,0.25,5,3
32,0.25,6,1
32,0.5,1,1
32,0.5,2,2
32,0.5,3,2
32,0.5,4,5
32,0.5,5,7
32,0.5,6,8
32,0.5,7,6
32,0.5,8,1
32,0.75,1,1
32,0.75,3,3
32,0.75,4,3
32,0.75,5,8
32,0.75,6,9
32,0.75,7,10
32,0.75,8,7
32,0.75,9,5
32,0.75,10,2
32,1,3,2
32,1,4,4
32,1,5,6
32,1,6,7
32,1,7,7
32,1,8,9
32,1,9,10
32,1,10,11
32,1,11,7
32,1,12,1
33,0.25,0,1
33,0.25,1,4
33,0.25,2,6
33,0.25,3,4
33,0.25,4,1
33,0.5,0,1
33,0.5,1,5
33,0.5,2,9
33,0.5,3,9
33,0.5,4,5
33,0.5,5,2
33,0.5,6,1
33,0.75,0,1
33,0.75,1,5
33,0.75,2,9
33,0.75,3,12
33,0.75,4,14
33,0.75,5,6
33,0.75,6,1
33,1,0,1
33,1,1,3
33,1,2,7
33,1,3,10
33,1,4,18
33,1,5,19
33,1,6,6
34,0.25,0,1
34,0.25,1,4
34,0.25,2,6
34,0.25,3,4
34,0.25,4,1
34,0.5,0,1
34,0.5,1,4
34,0.5,2,10
34,0.5,3,10
34,0.5,4,6
34,0.5,5,1
34,0.75,0,1
34,0.75,1,4
34,0.75,2,9
34,0.75,3,12
34,0.75,4,14
34,0.75,5,8
34,1,0,1
34,1,1,4
34,1,2,6
34,1,3,11
34,1,4,14
34,1,5,15
34,1,6,11
34,1,7,2
35,0.25,0,1
35,0.25,1,4
35,0.25,2,6
35,0.25,3,4
35,0.25,4,1
35,0.5,0,1
35,0.5,1,5
35,0.5,2,9
35,0.5,3,10
35,0.5,4,6
35,0.5,5,1
35,0.75,0,1
35,0.75,1,5
35,0.75,2,9
35,0.75,3,16
35,0.75,4,13
35,0.75,5,4
35,1,1,1
35,1,2,6
35,1,3,13
35,1,4,22
35,1,5,10
35,1,6,6
35,1,7,3
35,1,8,2
35,1,9,1
36,0.25,1,1
36,0.25,2,4
36,0.25,3,6
36,0.25,4,4
36,0.25,5,1
36,0.5,1,1
36,0.5,2,2
36,0.5,3,10
36,0.5,4,9
36,0.5,5,7
36,0.5,6,3
36,0.75,1,1
36,0.75,2,3
36,0.75,3,8
36,0.75,4,13
36,0.75,5,13
36,0.75,6,7
36,0.75,7,2
36,0.75,8,1
36,1,2,2
36,1,3,4
36,1,4,9
36,1,5,18
36,1,6,13
36,1,7,11
36,1,8,6
36,1,9,1
37,0.25,0,1
37,0.25,1,4
37,0.25,2,6
37,0.25,3,4
37,0.25,4,1
37,0.5,0,1
37,0.5,1,2
37,0.5,2,6
37,0.5,3,11
37,0.5,4,9
37,0.5,5,3
37,0.75,1,2
37,0.75,2,4
37,0.75,3,14
37,0.75,4,17
37,0.75,5,9
37,0.75,6,2
37,1,1,1
37,1,3,9
37,1,4,18
37,1,5,16
37,1,6,13
37,1,7,6
37,1,8,1
38,0.25,0,1
38,0.25,1,4
38,0.25,2,6
38,0.25,3,4
38,0.25,4,1
38,0.5,0,1
38,0.5,1,2
38,0.5,2,8
38,0.5,3,13
38,0.5,4,6
38,0.5,5,2
38,0.75,1,3
38,0.75,2,7
38,0.75,3,15
38,0.75,4,16
38,0.75,5,5
38,0.75,6,2
38,1,1,1
38,1,2,3
38,1,3,11
38,1,4,16
38,1,5,15
38,1,6,10
38,1,7,7
38,1,8,1
39,0.25,0,1
39,0.25,1,4
39,0.25,2,5
39,0.25,3,5
39,0.25,4,1
39,0.5,0,1
39,0.5,1,5
39,0.5,2,8
39,0.5,3,9
39,0.5,4,7
39,0.5,5,2
39,0.75,0,1
39,0.75,1,2
39,0.75,2,8
39,0.75,3,13
39,0.75,4,12
39,0.75,5,8
39,0.75,6,4
39,1,1,1
39,1,2,1
39,1,3,3
39,1,4,11
39,1,5,12
39,1,6,17
39,1,7,11
39,1,8,6
39,1,9,1
39,1,10,1
40,0.25,1,1
40,0.25,2,6
40,0.25,3,6
40,0.25,4,2
40,0.25,5,1
40,0.5,1,1
40,0.5,2,6
40,0.5,3,11
40,0.5,4,7
40,0.5,5,4
40,0.5,6,2
40,0.5,7,1
40,0.75,1,1
40,0.75,2,3
40,0.75,3,8
40,0.75,4,12
40,0.75,5,14
40,0.75,6,8
40,0.75,7,2
40,1,3,1
40,1,4,2
40,1,5,6
40,1,6,10
40,1,7,17
40,1,8,16
40,1,9,9
40,1,10,3
41,0.25,0,1
41,0.25,1,3
41,0.25,2,6
41,0.25,3,4
41,0.25,4,2
41,0.5,0,1
41,0.5,1,2
41,0.5,2,7
41,0.5,3,13
41,0.5,4,6
41,0.5,5,2
41,0.5,6,1
41,0.75,1,2
41,0.75,2,5
41,0.75,3,16
41,0.75,4,15
41,0.75,5,6
41,0.75,6,3
41,0.75,7,1
41,1,1,1
41,1,2,2
41,1,3,2
41,1,4,11
41,1,5,10
41,1,6,8
41,1,7,9
41,1,8,12
41,1,9,5
41,1,10,3
41,1,11,1
42,0.25,1,1
42,0.25,2,3
42,0.25,3,6
42,0.25,4,5
42,0.25,5,1
42,0.5,2,3
42,0.5,3,4
42,0.5,4,9
42,0.5,5,9
42,0.5,6,6
42,0.5,7,1
42,0.75,2,3
42,0.75,3,3
42,0.75,4,5
42,0.75,5,12
42,0.75,6,9
42,0.75,7,9
42,0.75,8,6
42,0.75,9,1
42,1,4,2
42,1,5,5
42,1,6,13
42,1,7,16
42,1,8,13
42,1,9,11
42,1,10,4
43,0.25,0,1
43,0.25,1,4
43,0.25,2,6
43,0.25,3,4
43,0.25,4,1
43,0.5,0,1
43,0.5,1,4
43,0.5,2,10
43,0.5,3,9
43,0.5,4,5
43,0.5,5,3
43,0.75,0,1
43,0.75,1,4
43,0.75,2,11
43,0.75,3,13
43,0.75,4,13
43,0.75,5,5
43,0.75,6,1
43,1,0,1
43,1,1,3
43,1,2,10
43,1,3,15
43,1,4,17
43,1,5,10
43,1,6,6
43,1,7,1
43,1,8,1
44,0.25,1,3
44,0.25,2,7
44,0.25,3,5
44,0.25,4,1
44,0.5,1,2
44,0.5,2,8
44,0.5,3,13
44,0.5,4,7
44,0.5,5,2
44,0.75,1,2
44,0.75,2,8
44,0.75,3,14
44,0.75,4,16
44,0.75,5,6
44,0.75,6,2
44,1,2,8
44,1,3,14
44,1,4,18
44,1,5,17
44,1,6,5
44,1,7,2
45,0.25,0,1
45,0.25,1,3
45,0.25,2,6
45,0.25,3,5
45,0.25,4,1
45,0.5,0,1
45,0.5,1,2
45,0.5,2,9
45,0.5,3,11
45,0.5,4,8
45,0.5,5,1
45,0.75,0,1
45,0.75,1,2
45,0.75,2,5
45,0.75,3,13
45,0.75,4,17
45,0.75,5,8
45,0.75,6,2
45,1,0,1
45,1,2,1
45,1,3,7
45,1,4,14
45,1,5,21
45,1,6,16
45,1,7,4
46,0.25,0,1
46,0.25,1,3
46,0.25,2,4
46,0.25,3,5
46,0.25,4,3
46,0.5,0,1
46,0.5,1,4
46,0.5,2,5
46,0.5,3,9
46,0.5,4,8
46,0.5,5,4
46,0.5,6,1
46,0.75,1,4
46,0.75,2,6
46,0.75,3,7
46,0.75,4,10
46,0.75,5,10
46,0.75,6,8
46,0.75,7,2
46,0.75,8,1
46,1,1,3
46,1,2,5
46,1,3,9
46,1,4,5
46,1,5,9
46,1,6,14
46,1,7,9
46,1,8,8
46,1,9,2
47,0.25,2,4
47,0.25,3,7
47,0.25,4,4
47,0.25,5,1
47,0.5,2,4
47,0.5,3,8
47,0.5,4,11
47,0.5,5,7
47,0.5,6,2
47,0.75,2,3
47,0.75,3,6
47,0.75,4,14
47,0.75,5,18
47,0.75,6,5
47,0.75,7,2
47,1,3,5
47,1,4,9
47,1,5,25
47,1,6,20
47,1,7,4
47,1,8,1
48,0.25,0,1
48,0.25,1,4
48,0.25,2,6
48,0.25,3,4
48,0.25,4,1
48,0.5,1,1
48,0.5,2,7
48,0.5,3,12
48,0.5,4,9
48,0.5,5,3
48,0.75,2,8
48,0.75,3,12
48,0.75,4,14
48,0.75,5,12
48,0.75,6,2
48,1,2,2
48,1,3,4
48,1,4,16
48,1,5,14
48,1,6,12
48,1,7,12
48,1,8,4
49,0.25,1,4
49,0.25,2,7
49,0.25,3,4
49,0.25,4,1
49,0.5,1,3
49,0.5,2,10
49,0.5,3,11
49,0.5,4,6
49,0.5,5,2
49,0.75,1,2
49,0.75,2,11
49,0.75,3,16
49,0.75,4,12
49,0.75,5,5
49,0.75,6,2
49,1,1,2
49,1,2,9
49,1,3,17
49,1,4,20
49,1,5,9
49,1,6,6
49,1,7,1
50,0.25,0,1
50,0.25,1,4
50,0.25,2,6
50,0.25,3,4
50,0.25,4,1
50,0.5,0,1
50,0.5,1,4
50,0.5,2,8
50,0.5,3,11
50,0.5,4,7
50,0.5,5,1
50,0.75,0,1
50,0.75,1,4
50,0.75,2,8
50,0.75,3,15
50,0.75,4,14
50,0.75,5,5
50,0.75,6,1
50,1,0,1
50,1,1,3
50,1,2,6
50,1,3,13
50,1,4,18
50,1,5,15
50,1,6,7
50,1,7,1
51,0.25,0,1
51,0.25,1,4
51,0.25,2,5
51,0.25,3,4
51,0.25,4,2
51,0.5,0,1
51,0.5,1,5
51,0.5,2,9
51,0.5,3,8
51,0.5,4,6
51,0.5,5,3
51,0.75,0,1
51,0.75,1,3
51,0.75,2,10
51,0.75,3,12
51,0.75,4,12
51,0.75,5,7
51,0.75,6,2
51,0.75,7,1
51,1,0,1
51,1,1,2
51,1,2,8
51,1,3,10
51,1,4,17
51,1,5,14
51,1,6,7
51,1,7,3
51,1,8,1
51,1,9,1
52,0.25,0,1
52,0.25,1,4
52,0.25,2,6
52,0.25,3,5
52,0.5,0,1
52,0.5,1,4
52,0.5,2,7
52,0.5,3,10
52,0.5,4,8
52,0.5,5,2
52,0.75,0,1
52,0.75,1,2
52,0.75,2,7
52,0.75,3,16
52,0.75,4,10
52,0.75,5,9
52,0.75,6,3
52,1,0,1
52,1,2,2
52,1,3,3
52,1,4,5
52,1,5,9
52,1,6,20
52,1,7,13
52,1,8,7
52,1,9,4
53,0.25,0,1
53,0.25,1,3
53,0.25,2,7
53,0.25,3,4
53,0.25,4,1
53,0.5,1,4
53,0.5,2,8
53,0.5,3,11
53,0.5,4,8
53,0.5,5,1
53,0.75,1,3
53,0.75,2,9
53,0.75,3,14
53,0.75,4,13
53,0.75,5,7
53,0.75,6,2
53,1,1,1
53,1,2,3
53,1,3,9
53,1,4,16
53,1,5,22
53,1,6,10
53,1,7,3
54,0.25,1,2
54,0.25,2,5
54,0.25,3,7
54,0.25,4,2
54,0.5,1,1
54,0.5,2,4
54,0.5,3,11
54,0.5,4,11
54,0.5,5,4
54,0.5,6,1
54,0.75,2,3
54,0.75,3,9
54,0.75,4,15
54,0.75,5,13
54,0.75,6,6
54,0.75,7,2
54,1,3,3
54,1,4,10
54,1,5,14
54,1,6,17
54,1,7,15
54,1,8,5
55,0.25,0,1
55,0.25,1,4
55,0.25,2,6
55,0.25,3,4
55,0.25,4,1
55,0.5,0,1
55,0.5,1,4
55,0.5,2,9
55,0.5,3,10
55,0.5,4,5
55,0.5,5,3
55,0.75,0,1
55,0.75,1,4
55,0.75,2,9
55,0.75,3,13
55,0.75,4,12
55,0.75,5,7
55,0.75,6,2
55,1,0,1
55,1,1,4
55,1,2,8
55,1,3,9
55,1,4,16
55,1,5,14
55,1,6,9
55,1,7,2
55,1,8,1
56,0.25,0,1
56,0.25,1,4
56,0.25,2,6
56,0.25,3,4
56,0.25,4,1
56,0.5,0,1
56,0.5,1,3
56,0.5,2,9
56,0.5,3,11
56,0.5,4,7
56,0.5,5,1
56,0.75,1,2
56,0.75,2,10
56,0.75,3,14
56,0.75,4,13
56,0.75,5,8
56,0.75,6,1
56,1,2,4
56,1,3,9
56,1,4,13
56,1,5,14
56,1,6,16
56,1,7,8
57,0.25,0,1
57,0.25,1,4
57,0.25,2,6
57,0.25,3,4
57,0.25,4,1
57,0.5,0,1
57,0.5,1,4
57,0.5,2,8
57,0.5,3,12
57,0.5,4,6
57,0.5,5,1
57,0.75,0,1
57,0.75,1,4
57,0.75,2,9
57,0.75,3,15
57,0.75,4,13
57,0.75,5,5
57,0.75,6,1
57,1,0,1
57,1,1,3
57,1,2,5
57,1,3,13
57,1,4,19
57,1,5,12
57,1,6,9
57,1,7,2
58,0.25,0,1
58,0.25,1,4
58,0.25,2,6
58,0.25,3,4
58,0.25,4,1
58,0.5,0,1
58,0.5,1,5
58,0.5,2,8
58,0.5,3,11
58,0.5,4,5
58,0.5,5,2
58,0.75,0,1
58,0.75,1,5
58,0.75,2,11
58,0.75,3,13
58,0.75,4,11
58,0.75,5,6
58,0.75,6,1
58,1,0,1
58,1,1,4
58,1,2,9
58,1,3,13
58,1,4,12
58,1,5,14
58,1,6,6
58,1,7,3
58,1,8,1
58,1,9,1
59,0.25,1,2
59,0.25,2,6
59,0.25,3,5
59,0.25,4,2
59,0.25,5,1
59,0.5,1,1
59,0.5,2,6
59,0.5,3,11
59,0.5,4,9
59,0.5,5,4
59,0.5,6,1
59,0.75,2,4
59,0.75,3,12
59,0.75,4,17
59,0.75,5,9
59,0.75,6,4
59,0.75,7,1
59,0.75,8,1
59,1,2,1
59,1,3,7
59,1,4,19
59,1,5,13
59,1,6,11
59,1,7,9
59,1,8,4
60,0.25,1,4
60,0.25,2,6
60,0.25,3,4
60,0.25,4,2
60,0.5,2,8
60,0.5,3,13
60,0.5,4,7
60,0.5,5,3
60,0.5,6,1
60,0.75,2,3
60,0.75,3,13
60,0.75,4,13
60,0.75,5,12
60,0.75,6,6
60,0.75,7,1
60,1,3,3
60,1,4,3
60,1,5,15
60,1,6,17
60,1,7,15
60,1,8,9
60,1,9,2
61,0.25,0,1
61,0.25,1,3
61,0.25,2,3
61,0.25,3,4
61,0.25,4,4
61,0.25,5,1
61,0.5,1,2
61,0.5,2,3
61,0.5,3,6
61,0.5,4,8
61,0.5,5,5
61,0.5,6,3
61,0.5,7,4
61,0.5,8,1
61,0.75,2,2
61,0.75,3,4
61,0.75,4,7
61,0.75,5,13
61,0.75,6,8
61,0.75,7,7
61,0.75,8,5
61,0.75,9,1
61,0.75,10,1
61,1,4,1
61,1,5,4
61,1,6,6
61,1,7,6
61,1,8,7
61,1,9,11
61,1,10,8
61,1,11,11
61,1,12,5
61,1,13,1
61,1,14,1
61,1,15,2
61,1,16,1
62,0.25,0,1
62,0.25,1,1
62,0.25,2,4
62,0.25,3,6
62,0.25,4,4
62,0.5,1,1
62,0.5,2,3
62,0.5,3,10
62,0.5,4,10
62,0.5,5,6
62,0.5,6,2
62,0.75,1,1
62,0.75,2,3
62,0.75,3,6
62,0.75,4,12
62,0.75,5,15
62,0.75,6,9
62,0.75,7,2
62,1,2,3
62,1,3,5
62,1,4,9
62,1,5,17
62,1,6,16
62,1,7,12
62,1,8,2
63,0.25,1,1
63,0.25,2,4
63,0.25,3,6
63,0.25,4,4
63,0.25,5,1
63,0.5,2,5
63,0.5,3,8
63,0.5,4,10
63,0.5,5,6
63,0.5,6,2
63,0.5,7,1
63,0.75,3,6
63,0.75,4,11
63,0.75,5,15
63,0.75,6,11
63,0.75,7,5
63,1,3,1
63,1,4,3
63,1,5,10
63,1,6,21
63,1,7,18
63,1,8,8
63,1,9,2
63,1,10,1
64,0.25,0,1
64,0.25,1,4
64,0.25,2,5
64,0.25,3,4
64,0.25,4,2
64,0.5,0,1
64,0.5,1,4
64,0.5,2,7
64,0.5,3,9
64,0.5,4,8
64,0.5,5,3
64,0.75,0,1
64,0.75,1,3
64,0.75,2,6
64,0.75,3,13
64,0.75,4,14
64,0.75,5,9
64,0.75,6,2
64,1,1,1
64,1,2,4
64,1,3,10
64,1,4,12
64,1,5,18
64,1,6,13
64,1,7,5
64,1,8,1
65,0.25,0,1
65,0.25,1,3
65,0.25,2,5
65,0.25,3,4
65,0.25,4,2
65,0.25,5,1
65,0.5,0,1
65,0.5,1,4
65,0.5,2,7
65,0.5,3,10
65,0.5,4,7
65,0.5,5,2
65,0.5,6,1
65,0.75,1,4
65,0.75,2,7
65,0.75,3,11
65,0.75,4,11
65,0.75,5,11
65,0.75,6,3
65,0.75,7,1
65,1,2,2
65,1,3,3
65,1,4,7
65,1,5,11
65,1,6,13
65,1,7,15
65,1,8,9
65,1,9,4
66,0.25,2,1
66,0.25,3,3
66,0.25,4,7
66,0.25,5,4
66,0.25,6,1
66,0.5,2,1
66,0.5,3,1
66,0.5,4,6
66,0.5,5,8
66,0.5,6,11
66,0.5,7,4
66,0.5,8,1
66,0.75,2,1
66,0.75,4,5
66,0.75,5,11
66,0.75,6,14
66,0.75,7,10
66,0.75,8,6
66,0.75,9,1
66,1,3,1
66,1,4,4
66,1,5,9
66,1,6,15
66,1,7,15
66,1,8,9
66,1,9,8
66,1,10,2
66,1,11,1
67,0.25,1,4
67,0.25,2,7
67,0.25,3,4
67,0.25,4,1
67,0.5,1,2
67,0.5,2,6
67,0.5,3,10
67,0.5,4,12
67,0.5,5,1
67,0.5,6,1
67,0.75,1,2
67,0.75,2,6
67,0.75,3,12
67,0.75,4,18
67,0.75,5,7
67,0.75,6,3
67,1,2,5
67,1,3,11
67,1,4,18
67,1,5,13
67,1,6,9
67,1,7,5
67,1,8,3
68,0.25,1,3
68,0.25,2,7
68,0.25,3,5
68,0.25,4,1
68,0.5,1,2
68,0.5,2,9
68,0.5,3,12
68,0.5,4,7
68,0.5,5,2
68,0.75,1,2
68,0.75,2,7
68,0.75,3,15
68,0.75,4,16
68,0.75,5,5
68,0.75,6,2
68,0.75,7,1
68,1,1,1
68,1,2,6
68,1,3,10
68,1,4,17
68,1,5,17
68,1,6,7
68,1,7,3
68,1,8,2
68,1,9,1
69,0.25,0,1
69,0.25,1,5
69,0.25,2,4
69,0.25,3,6
69,0.5,0,1
69,0.5,1,3
69,0.5,2,8
69,0.5,3,11
69,0.5,4,7
69,0.5,5,2
69,0.75,0,1
69,0.75,1,1
69,0.75,2,6
69,0.75,3,15
69,0.75,4,12
69,0.75,5,6
69,0.75,6,6
69,0.75,7,1
69,1,3,3
69,1,4,7
69,1,5,12
69,1,6,15
69,1,7,14
69,1,8,10
69,1,9,3
70,0.25,0,1
70,0.25,1,4
70,0.25,2,6
70,0.25,3,4
70,0.25,4,1
70,0.5,0,1
70,0.5,1,5
70,0.5,2,8
70,0.5,3,10
70,0.5,4,6
70,0.5,5,2
70,0.75,0,1
70,0.75,1,5
70,0.75,2,7
70,0.75,3,14
70,0.75,4,14
70,0.75,5,7
70,1,0,1
70,1,1,2
70,1,2,4
70,1,3,7
70,1,4,13
70,1,5,15
70,1,6,14
70,1,7,7
70,1,8,1
71,0.25,0,1
71,0.25,1,4
71,0.25,2,6
71,0.25,3,4
71,0.25,4,1
71,0.5,0,1
71,0.5,1,4
71,0.5,2,9
71,0.5,3,10
71,0.5,4,6
71,0.5,5,2
71,0.75,0,1
71,0.75,1,4
71,0.75,2,9
71,0.75,3,12
71,0.75,4,14
71,0.75,5,7
71,0.75,6,1
71,1,1,4
71,1,2,8
71,1,3,11
71,1,4,14
71,1,5,16
71,1,6,10
71,1,7,1
72,0.25,0,1
72,0.25,1,4
72,0.25,2,6
72,0.25,3,4
72,0.25,4,1
72,0.5,0,1
72,0.5,1,5
72,0.5,2,10
72,0.5,3,10
72,0.5,4,5
72,0.5,5,1
72,0.75,0,1
72,0.75,1,5
72,0.75,2,10
72,0.75,3,14
72,0.75,4,13
72,0.75,5,4
72,0.75,6,1
72,1,0,1
72,1,1,5
72,1,2,9
72,1,3,10
72,1,4,14
72,1,5,10
72,1,6,5
72,1,7,6
72,1,8,3
72,1,9,1
73,0.25,0,1
73,0.25,1,3
73,0.25,2,5
73,0.25,3,5
73,0.25,4,2
73,0.5,1,4
73,0.5,2,10
73,0.5,3,10
73,0.5,4,6
73,0.5,5,2
73,0.75,1,1
73,0.75,2,5
73,0.75,3,11
73,0.75,4,15
73,0.75,5,11
73,0.75,6,4
73,0.75,7,1
73,1,2,2
73,1,3,4
73,1,4,8
73,1,5,12
73,1,6,15
73,1,7,12
73,1,8,5
73,1,9,5
73,1,10,1
74,0.25,0,1
74,0.25,1,4
74,0.25,2,6
74,0.25,3,4
74,0.25,4,1
74,0.5,1,4
74,0.5,2,8
74,0.5,3,10
74,0.5,4,8
74,0.5,5,2
74,0.75,1,1
74,0.75,2,5
74,0.75,3,14
74,0.75,4,13
74,0.75,5,9
74,0.75,6,5
74,0.75,7,1
74,1,3,1
74,1,4,3
74,1,5,5
74,1,6,10
74,1,7,16
74,1,8,14
74,1,9,9
74,1,10,5
74,1,11,1
75,0.25,1,1
75,0.25,2,4
75,0.25,3,7
75,0.25,4,4
75,0.5,2,4
75,0.5,3,9
75,0.5,4,10
75,0.5,5,7
75,0.5,6,2
75,0.75,2,1
75,0.75,3,5
75,0.75,4,13
75,0.75,5,17
75,0.75,6,9
75,0.75,7,3
75,1,4,3
75,1,5,11
75,1,6,13
75,1,7,11
75,1,8,8
75,1,9,8
75,1,10,7
75,1,11,3
76,0.25,0,1
76,0.25,1,4
76,0.25,2,5
76,0.25,3,5
76,0.25,4,1
76,0.5,0,1
76,0.5,1,5
76,0.5,2,7
76,0.5,3,10
76,0.5,4,7
76,0.5,5,2
76,0.75,0,1
76,0.75,1,3
76,0.75,2,9
76,0.75,3,14
76,0.75,4,12
76,0.75,5,7
76,0.75,6,2
76,1,1,1
76,1,2,5
76,1,3,16
76,1,4,12
76,1,5,8
76,1,6,9
76,1,7,9
76,1,8,3
76,1,9,1
77,0.25,0,1
77,0.25,1,4
77,0.25,2,6
77,0.25,3,4
77,0.25,4,1
77,0.5,0,1
77,0.5,1,3
77,0.5,2,9
77,0.5,3,10
77,0.5,4,7
77,0.5,5,2
77,0.75,1,1
77,0.75,2,8
77,0.75,3,15
77,0.75,4,15
77,0.75,5,7
77,0.75,6,2
77,1,2,2
77,1,3,7
77,1,4,16
77,1,5,19
77,1,6,17
77,1,7,3
78,0.25,0,1
78,0.25,1,3
78,0.25,2,3
78,0.25,3,4
78,0.25,4,4
78,0.25,5,1
78,0.5,1,2
78,0.5,2,4
78,0.5,3,8
78,0.5,4,7
78,0.5,5,6
78,0.5,6,4
78,0.5,7,1
78,0.75,1,1
78,0.75,2,4
78,0.75,3,9
78,0.75,4,12
78,0.75,5,10
78,0.75,6,8
78,0.75,7,4
78,1,2,4
78,1,3,7
78,1,4,9
78,1,5,15
78,1,6,10
78,1,7,9
78,1,8,7
78,1,9,2
78,1,10,1
79,0.25,0,1
79,0.25,1,3
79,0.25,2,2
79,0.25,3,6
79,0.25,4,3
79,0.25,5,1
79,0.5,1,2
79,0.5,2,4
79,0.5,3,8
79,0.5,4,10
79,0.5,5,7
79,0.5,6,1
79,0.75,2,2
79,0.75,3,9
79,0.75,4,14
79,0.75,5,10
79,0.75,6,9
79,0.75,7,3
79,0.75,8,1
79,1,2,2
79,1,3,4
79,1,4,12
79,1,5,15
79,1,6,17
79,1,7,9
79,1,8,3
79,1,9,2
80,0.25,0,1
80,0.25,1,3
80,0.25,2,6
80,0.25,3,5
80,0.25,4,1
80,0.5,0,1
80,0.5,1,3
80,0.5,2,9
80,0.5,3,11
80,0.5,4,6
80,0.5,5,2
80,0.75,0,1
80,0.75,1,1
80,0.75,2,4
80,0.75,3,14
80,0.75,4,15
80,0.75,5,7
80,0.75,6,4
80,0.75,7,2
80,1,4,2
80,1,5,4
80,1,6,13
80,1,7,12
80,1,8,10
80,1,9,12
80,1,10,9
80,1,11,2
81,0.25,0,1
81,0.25,1,4
81,0.25,2,6
81,0.25,3,3
81,0.25,4,2
81,0.5,0,1
81,0.5,1,3
81,0.5,2,7
81,0.5,3,10
81,0.5,4,7
81,0.5,5,3
81,0.5,6,1
81,0.75,1,1
81,0.75,2,6
81,0.75,3,14
81,0.75,4,10
81,0.75,5,7
81,0.75,6,4
81,0.75,7,5
81,0.75,8,1
81,1,3,2
81,1,4,8
81,1,5,16
81,1,6,16
81,1,7,10
81,1,8,6
81,1,9,4
81,1,10,2
82,0.25,0,1
82,0.25,1,4
82,0.25,2,6
82,0.25,3,4
82,0.25,4,1
82,0.5,0,1
82,0.5,1,5
82,0.5,2,10
82,0.5,3,10
82,0.5,4,6
82,0.75,0,1
82,0.75,1,5
82,0.75,2,12
82,0.75,3,13
82,0.75,4,13
82,0.75,5,4
82,1,0,1
82,1,1,2
82,1,2,9
82,1,3,12
82,1,4,18
82,1,5,11
82,1,6,7
82,1,7,4
83,0.25,1,1
83,0.25,2,6
83,0.25,3,6
83,0.25,4,3
83,0.5,1,1
83,0.5,2,5
83,0.5,3,9
83,0.5,4,10
83,0.5,5,5
83,0.5,6,2
83,0.75,1,1
83,0.75,2,3
83,0.75,3,7
83,0.75,4,15
83,0.75,5,14
83,0.75,6,6
83,0.75,7,2
83,1,3,1
83,1,4,1
83,1,5,8
83,1,6,17
83,1,7,12
83,1,8,15
83,1,9,7
83,1,10,2
83,1,11,1
84,0.25,0,1
84,0.25,1,3
84,0.25,2,6
84,0.25,3,5
84,0.25,4,1
84,0.5,0,1
84,0.5,1,4
84,0.5,2,6
84,0.5,3,11
84,0.5,4,8
84,0.5,5,2
84,0.75,0,1
84,0.75,1,2
84,0.75,2,6
84,0.75,3,13
84,0.75,4,17
84,0.75,5,8
84,0.75,6,1
84,1,0,1
84,1,2,2
84,1,3,5
84,1,4,18
84,1,5,13
84,1,6,14
84,1,7,7
84,1,8,3
84,1,9,1
85,0.25,1,3
85,0.25,2,6
85,0.25,3,5
85,0.25,4,2
85,0.5,1,2
85,0.5,2,9
85,0.5,3,10
85,0.5,4,8
85,0.5,5,2
85,0.5,6,1
85,0.75,2,6
85,0.75,3,14
85,0.75,4,15
85,0.75,5,9
85,0.75,6,3
85,0.75,7,1
85,1,3,2
85,1,4,13
85,1,5,16
85,1,6,13
85,1,7,11
85,1,8,8
85,1,9,1
86,0.25,0,1
86,0.25,1,4
86,0.25,2,6
86,0.25,3,4
86,0.25,4,1
86,0.5,0,1
86,0.5,1,5
86,0.5,2,9
86,0.5,3,11
86,0.5,4,5
86,0.5,5,1
86,0.75,0,1
86,0.75,1,5
86,0.75,2,11
86,0.75,3,15
86,0.75,4,11
86,0.75,5,4
86,0.75,6,1
86,1,0,1
86,1,1,5
86,1,2,11
86,1,3,16
86,1,4,17
86,1,5,12
86,1,6,2
87,0.25,0,1
87,0.25,1,4
87,0.25,2,5
87,0.25,3,4
87,0.25,4,1
87,0.25,5,1
87,0.5,0,1
87,0.5,1,4
87,0.5,2,6
87,0.5,3,9
87,0.5,4,7
87,0.5,5,4
87,0.5,6,1
87,0.75,0,1
87,0.75,1,4
87,0.75,2,7
87,0.75,3,12
87,0.75,4,11
87,0.75,5,9
87,0.75,6,3
87,0.75,7,1
87,1,0,1
87,1,1,3
87,1,2,5
87,1,3,8
87,1,4,12
87,1,5,17
87,1,6,11
87,1,7,6
87,1,8,1
88,0.25,0,1
88,0.25,1,2
88,0.25,2,6
88,0.25,3,5
88,0.25,4,2
88,0.5,1,2
88,0.5,2,6
88,0.5,3,12
88,0.5,4,9
88,0.5,5,2
88,0.5,6,1
88,0.75,2,1
88,0.75,3,12
88,0.75,4,14
88,0.75,5,15
88,0.75,6,6
88,1,3,4
88,1,4,6
88,1,5,17
88,1,6,21
88,1,7,11
88,1,8,4
88,1,9,1
89,0.25,0,1
89,0.25,1,3
89,0.25,2,4
89,0.25,3,4
89,0.25,4,3
89,0.25,5,1
89,0.5,0,1
89,0.5,1,3
89,0.5,2,5
89,0.5,3,8
89,0.5,4,9
89,0.5,5,5
89,0.5,6,1
89,0.75,1,1
89,0.75,2,6
89,0.75,3,11
89,0.75,4,13
89,0.75,5,9
89,0.75,6,7
89,0.75,7,1
89,1,2,3
89,1,3,4
89,1,4,13
89,1,5,18
89,1,6,17
89,1,7,7
89,1,8,2
90,0.25,1,4
90,0.25,2,7
90,0.25,3,3
90,0.25,4,2
90,0.5,1,3
90,0.5,2,8
90,0.5,3,12
90,0.5,4,7
90,0.5,5,2
90,0.75,1,2
90,0.75,2,5
90,0.75,3,15
90,0.75,4,16
90,0.75,5,8
90,0.75,6,2
90,1,1,2
90,1,2,6
90,1,3,8
90,1,4,19
90,1,5,17
90,1,6,9
90,1,7,2
90,1,8,1
91,0.25,0,1
91,0.25,1,4
91,0.25,2,6
91,0.25,3,4
91,0.25,4,1
91,0.5,0,1
91,0.5,1,2
91,0.5,2,8
91,0.5,3,11
91,0.5,4,7
91,0.5,5,3
91,0.75,0,1
91,0.75,1,2
91,0.75,2,8
91,0.75,3,14
91,0.75,4,14
91,0.75,5,6
91,0.75,6,3
91,1,1,1
91,1,2,6
91,1,3,15
91,1,4,20
91,1,5,14
91,1,6,6
91,1,7,2
92,0.25,0,1
92,0.25,1,3
92,0.25,2,6
92,0.25,3,3
92,0.25,4,3
92,0.5,1,1
92,0.5,2,5
92,0.5,3,8
92,0.5,4,10
92,0.5,5,7
92,0.5,6,1
92,0.75,2,5
92,0.75,3,11
92,0.75,4,13
92,0.75,5,10
92,0.75,6,7
92,0.75,7,2
92,1,2,3
92,1,3,10
92,1,4,18
92,1,5,15
92,1,6,10
92,1,7,5
92,1,8,3
93,0.25,0,1
93,0.25,1,3
93,0.25,2,7
93,0.25,3,4
93,0.25,4,1
93,0.5,1,2
93,0.5,2,6
93,0.5,3,9
93,0.5,4,10
93,0.5,5,4
93,0.5,6,1
93,0.75,1,2
93,0.75,2,2
93,0.75,3,12
93,0.75,4,12
93,0.75,5,10
93,0.75,6,7
93,0.75,7,3
93,1,3,2
93,1,4,4
93,1,5,7
93,1,6,11
93,1,7,11
93,1,8,11
93,1,9,8
93,1,10,8
93,1,11,2
94,0.25,0,1
94,0.25,1,4
94,0.25,2,6
94,0.25,3,4
94,0.25,4,1
94,0.5,0,1
94,0.5,1,4
94,0.5,2,8
94,0.5,3,11
94,0.5,4,6
94,0.5,5,2
94,0.75,0,1
94,0.75,1,4
94,0.75,2,8
94,0.75,3,14
94,0.75,4,13
94,0.75,5,7
94,0.75,6,1
94,1,0,1
94,1,1,3
94,1,2,8
94,1,3,11
94,1,4,21
94,1,5,9
94,1,6,4
94,1,7,4
94,1,8,3
95,0.25,0,1
95,0.25,1,2
95,0.25,2,5
95,0.25,3,4
95,0.25,4,3
95,0.25,5,1
95,0.5,0,1
95,0.5,1,3
95,0.5,2,8
95,0.5,3,8
95,0.5,4,8
95,0.5,5,3
95,0.5,6,1
95,0.75,0,1
95,0.75,1,3
95,0.75,2,9
95,0.75,3,12
95,0.75,4,13
95,0.75,5,6
95,0.75,6,3
95,0.75,7,1
95,1,0,1
95,1,1,2
95,1,2,4
95,1,3,9
95,1,4,13
95,1,5,14
95,1,6,11
95,1,7,8
95,1,8,2
96,0.25,0,1
96,0.25,1,4
96,0.25,2,5
96,0.25,3,5
96,0.25,4,1
96,0.5,0,1
96,0.5,1,4
96,0.5,2,8
96,0.5,3,11
96,0.5,4,5
96,0.5,5,2
96,0.5,6,1
96,0.75,1,4
96,0.75,2,8
96,0.75,3,12
96,0.75,4,11
96,0.75,5,10
96,0.75,6,3
96,1,2,1
96,1,3,6
96,1,4,9
96,1,5,13
96,1,6,13
96,1,7,14
96,1,8,6
96,1,9,2
97,0.25,1,3
97,0.25,2,4
97,0.25,3,4
97,0.25,4,2
97,0.25,5,2
97,0.25,6,1
97,0.5,2,5
97,0.5,3,10
97,0.5,4,10
97,0.5,5,5
97,0.5,6,2
97,0.75,2,2
97,0.75,3,9
97,0.75,4,16
97,0.75,5,13
97,0.75,6,6
97,0.75,7,2
97,1,3,2
97,1,4,5
97,1,5,13
97,1,6,18
97,1,7,16
97,1,8,7
97,1,9,1
97,1,10,1
97,1,11,1
98,0.25,0,1
98,0.25,1,3
98,0.25,2,5
98,0.25,3,5
98,0.25,4,2
98,0.5,1,4
98,0.5,2,9
98,0.5,3,10
98,0.5,4,7
98,0.5,5,2
98,0.75,1,2
98,0.75,2,8
98,0.75,3,16
98,0.75,4,13
98,0.75,5,8
98,0.75,6,1
98,1,1,1
98,1,2,4
98,1,3,13
98,1,4,19
98,1,5,16
98,1,6,7
98,1,7,3
98,1,8,1
99,0.25,0,1
99,0.25,1,4
99,0.25,2,5
99,0.25,3,5
99,0.25,4,1
99,0.5,0,1
99,0.5,1,4
99,0.5,2,9
99,0.5,3,11
99,0.5,4,6
99,0.5,5,1
99,0.75,0,1
99,0.75,1,3
99,0.75,2,7
99,0.75,3,15
99,0.75,4,13
99,0.75,5,7
99,0.75,6,1
99,0.75,7,1
99,1,0,1
99,1,1,2
99,1,2,3
99,1,3,10
99,1,4,8
99,1,5,12
99,1,6,15
99,1,7,10
99,1,8,3
