#mc_id,pct_full,cell_generation,num_cells
0,0.25,5,2
0,0.25,6,1
0,0.25,7,5
0,0.25,8,14
0,0.25,9,21
0,0.25,10,42
0,0.25,11,64
0,0.25,12,59
0,0.25,13,30
0,0.25,14,13
0,0.25,15,4
0,0.25,16,1
0,0.5,5,1
0,0.5,8,1
0,0.5,10,5
0,0.5,11,16
0,0.5,12,35
0,0.5,13,68
0,0.5,14,91
0,0.5,15,90
0,0.5,16,78
0,0.5,17,59
0,0.5,18,37
0,0.5,19,19
0,0.5,20,10
0,0.5,21,1
0,0.5,22,1
0,0.75,10,1
0,0.75,11,2
0,0.75,12,6
0,0.75,13,15
0,0.75,14,21
0,0.75,15,42
0,0.75,16,69
0,0.75,17,95
0,0.75,18,117
0,0.75,19,126
0,0.75,20,115
0,0.75,21,77
0,0.75,22,44
0,0.75,23,19
0,0.75,24,12
0,0.75,25,6
0,0.75,26,1
0,1,19,1
0,1,20,3
0,1,21,6
0,1,22,15
0,1,23,25
0,1,24,48
0,1,25,65
0,1,26,74
0,1,27,85
0,1,28,118
0,1,29,121
0,1,30,122
0,1,31,101
0,1,32,77
0,1,33,67
0,1,34,47
0,1,35,31
0,1,36,12
0,1,37,5
0,1,38,1
1,0.25,6,2
1,0.25,7,4
1,0.25,8,4
1,0.25,9,16
1,0.25,10,21
1,0.25,11,27
1,0.25,12,32
1,0.25,13,41
1,0.25,14,50
1,0.25,15,35
1,0.25,16,14
1,0.25,17,8
1,0.25,18,2
1,0.5,9,1
1,0.5,10,5
1,0.5,11,3
1,0.5,12,11
1,0.5,13,23
1,0.5,14,28
1,0.5,15,57
1,0.5,16,84
1,0.5,17,89
1,0.5,18,71
1,0.5,19,47
1,0.5,20,38
1,0.5,21,27
1,0.5,22,12
1,0.5,23,9
1,0.5,24,6
1,0.5,25,1
1,0.75,11,1
1,0.75,12,5
1,0.75,13,5
1,0.75,14,10
1,0.75,15,20
1,0.75,16,35
1,0.75,17,51
1,0.75,18,91
1,0.75,19,115
1,0.75,20,99
1,0.75,21,91
1,0.75,22,76
1,0.75,23,61
1,0.75,24,41
1,0.75,25,25
1,0.75,26,18
1,0.75,27,10
1,0.75,28,8
1,0.75,29,2
1,0.75,30,3
1,0.75,31,1
1,1,19,1
1,1,20,2
1,1,21,7
1,1,22,13
1,1,23,25
1,1,24,31
1,1,25,47
1,1,26,79
1,1,27,100
1,1,28,114
1,1,29,110
1,1,30,127
1,1,31,92
1,1,32,68
1,1,33,52
1,1,34,48
1,1,35,37
1,1,36,26
1,1,37,22
1,1,38,13
1,1,39,3
1,1,40,2
1,1,42,2
1,1,43,2
1,1,44,1
2,0.25,6,1
2,0.25,7,1
2,0.25,8,4
2,0.25,9,14
2,0.25,10,39
2,0.25,11,59
2,0.25,12,58
2,0.25,13,39
2,0.25,14,19
2,0.25,15,7
2,0.25,16,5
2,0.25,17,6
2,0.25,18,4
2,0.5,9,1
2,0.5,10,2
2,0.5,11,3
2,0.5,12,13
2,0.5,13,28
2,0.5,14,65
2,0.5,15,87
2,0.5,16,91
2,0.5,17,82
2,0.5,18,55
2,0.5,19,34
2,0.5,20,24
2,0.5,21,15
2,0.5,22,9
2,0.5,23,3
2,0.75,11,1
2,0.75,12,2
2,0.75,13,5
2,0.75,14,6
2,0.75,15,25
2,0.75,16,39
2,0.75,17,63
2,0.75,18,102
2,0.75,19,108
2,0.75,20,112
2,0.75,21,97
2,0.75,22,86
2,0.75,23,56
2,0.75,24,36
2,0.75,25,14
2,0.75,26,6
2,0.75,27,6
2,0.75,28,4
2,1,20,1
2,1,21,1
2,1,22,4
2,1,23,13
2,1,24,22
2,1,25,44
2,1,26,84
2,1,27,101
2,1,28,136
2,1,29,124
2,1,30,112
2,1,31,110
2,1,32,87
2,1,33,64
2,1,34,43
2,1,35,31
2,1,36,18
2,1,37,7
2,1,38,4
2,1,39,3
2,1,40,7
2,1,41,4
2,1,42,4
3,0.25,0,1
3,0.25,1,5
3,0.25,2,9
3,0.25,3,12
3,0.25,4,14
3,0.25,5,23
3,0.25,6,27
3,0.25,7,29
3,0.25,8,32
3,0.25,9,33
3,0.25,10,25
3,0.25,11,19
3,0.25,12,11
3,0.25,13,9
3,0.25,14,6
3,0.25,15,1
3,0.5,0,1
3,0.5,1,1
3,0.5,2,2
3,0.5,3,3
3,0.5,4,7
3,0.5,5,8
3,0.5,6,12
3,0.5,7,16
3,0.5,8,29
3,0.5,9,30
3,0.5,10,34
3,0.5,11,45
3,0.5,12,36
3,0.5,13,61
3,0.5,14,68
3,0.5,15,51
3,0.5,16,36
3,0.5,17,30
3,0.5,18,25
3,0.5,19,14
3,0.5,20,2
3,0.5,21,1
3,0.75,4,2
3,0.75,5,3
3,0.75,6,6
3,0.75,7,7
3,0.75,8,13
3,0.75,9,13
3,0.75,10,14
3,0.75,11,26
3,0.75,12,38
3,0.75,13,46
3,0.75,14,44
3,0.75,15,64
3,0.75,16,83
3,0.75,17,102
3,0.75,18,101
3,0.75,19,72
3,0.75,20,53
3,0.75,21,31
3,0.75,22,28
3,0.75,23,16
3,0.75,24,5
3,0.75,25,1
3,1,14,1
3,1,15,3
3,1,16,8
3,1,17,5
3,1,18,12
3,1,19,11
3,1,20,17
3,1,21,26
3,1,22,35
3,1,23,50
3,1,24,77
3,1,25,95
3,1,26,104
3,1,27,128
3,1,28,132
3,1,29,104
3,1,30,80
3,1,31,62
3,1,32,35
3,1,33,22
3,1,34,10
3,1,35,5
3,1,36,2
4,0.25,4,1
4,0.25,5,1
4,0.25,6,2
4,0.25,7,8
4,0.25,8,15
4,0.25,9,39
4,0.25,10,53
4,0.25,11,39
4,0.25,12,29
4,0.25,13,27
4,0.25,14,22
4,0.25,15,13
4,0.25,16,6
4,0.25,17,1
4,0.5,5,1
4,0.5,10,7
4,0.5,11,13
4,0.5,12,34
4,0.5,13,69
4,0.5,14,79
4,0.5,15,79
4,0.5,16,74
4,0.5,17,59
4,0.5,18,44
4,0.5,19,23
4,0.5,20,13
4,0.5,21,7
4,0.5,22,7
4,0.5,23,2
4,0.5,24,1
4,0.75,12,1
4,0.75,13,6
4,0.75,14,17
4,0.75,15,52
4,0.75,16,79
4,0.75,17,97
4,0.75,18,110
4,0.75,19,113
4,0.75,20,98
4,0.75,21,68
4,0.75,22,46
4,0.75,23,29
4,0.75,24,17
4,0.75,25,13
4,0.75,26,15
4,0.75,27,6
4,0.75,28,1
4,1,20,4
4,1,21,12
4,1,22,17
4,1,23,42
4,1,24,64
4,1,25,76
4,1,26,97
4,1,27,95
4,1,28,101
4,1,29,94
4,1,30,115
4,1,31,91
4,1,32,81
4,1,33,51
4,1,34,32
4,1,35,26
4,1,36,12
4,1,37,9
4,1,38,4
4,1,39,1
5,0.25,3,1
5,0.25,4,6
5,0.25,5,16
5,0.25,6,20
5,0.25,7,26
5,0.25,8,35
5,0.25,9,43
5,0.25,10,36
5,0.25,11,19
5,0.25,12,24
5,0.25,13,17
5,0.25,14,11
5,0.25,15,2
5,0.5,5,1
5,0.5,6,4
5,0.5,7,3
5,0.5,8,12
5,0.5,9,20
5,0.5,10,39
5,0.5,11,42
5,0.5,12,43
5,0.5,13,48
5,0.5,14,66
5,0.5,15,60
5,0.5,16,59
5,0.5,17,47
5,0.5,18,34
5,0.5,19,20
5,0.5,20,10
5,0.5,21,3
5,0.5,22,1
5,0.75,6,1
5,0.75,9,7
5,0.75,10,12
5,0.75,11,10
5,0.75,12,16
5,0.75,13,29
5,0.75,14,38
5,0.75,15,57
5,0.75,16,77
5,0.75,17,89
5,0.75,18,85
5,0.75,19,91
5,0.75,20,80
5,0.75,21,63
5,0.75,22,49
5,0.75,23,39
5,0.75,24,21
5,0.75,25,4
5,1,18,2
5,1,19,4
5,1,20,4
5,1,21,5
5,1,22,13
5,1,23,11
5,1,24,28
5,1,25,64
5,1,26,82
5,1,27,89
5,1,28,102
5,1,29,102
5,1,30,80
5,1,31,80
5,1,32,78
5,1,33,55
5,1,34,58
5,1,35,66
5,1,36,51
5,1,37,25
5,1,38,14
5,1,39,9
5,1,40,2
6,0.25,0,1
6,0.25,2,1
6,0.25,3,1
6,0.25,4,2
6,0.25,5,1
6,0.25,6,4
6,0.25,7,8
6,0.25,8,23
6,0.25,9,37
6,0.25,10,52
6,0.25,11,49
6,0.25,12,36
6,0.25,13,24
6,0.25,14,13
6,0.25,15,4
6,0.5,6,1
6,0.5,7,2
6,0.5,8,2
6,0.5,9,3
6,0.5,10,12
6,0.5,11,29
6,0.5,12,33
6,0.5,13,43
6,0.5,14,82
6,0.5,15,82
6,0.5,16,66
6,0.5,17,62
6,0.5,18,47
6,0.5,19,34
6,0.5,20,11
6,0.5,21,2
6,0.5,22,1
6,0.75,7,1
6,0.75,8,1
6,0.75,11,1
6,0.75,12,2
6,0.75,13,11
6,0.75,14,24
6,0.75,15,34
6,0.75,16,72
6,0.75,17,100
6,0.75,18,113
6,0.75,19,124
6,0.75,20,106
6,0.75,21,78
6,0.75,22,51
6,0.75,23,27
6,0.75,24,14
6,0.75,25,7
6,0.75,26,2
6,1,19,3
6,1,20,5
6,1,21,9
6,1,22,10
6,1,23,17
6,1,24,29
6,1,25,41
6,1,26,49
6,1,27,71
6,1,28,88
6,1,29,122
6,1,30,121
6,1,31,106
6,1,32,91
6,1,33,78
6,1,34,70
6,1,35,50
6,1,36,30
6,1,37,17
6,1,38,12
6,1,39,4
6,1,40,1
7,0.25,4,2
7,0.25,5,6
7,0.25,6,11
7,0.25,7,17
7,0.25,8,24
7,0.25,9,22
7,0.25,10,30
7,0.25,11,36
7,0.25,12,40
7,0.25,13,30
7,0.25,14,22
7,0.25,15,13
7,0.25,16,3
7,0.5,7,1
7,0.5,8,2
7,0.5,9,4
7,0.5,10,18
7,0.5,11,16
7,0.5,12,34
7,0.5,13,51
7,0.5,14,52
7,0.5,15,65
7,0.5,16,63
7,0.5,17,69
7,0.5,18,65
7,0.5,19,44
7,0.5,20,17
7,0.5,21,7
7,0.5,22,3
7,0.5,23,1
7,0.75,10,1
7,0.75,11,4
7,0.75,12,10
7,0.75,13,19
7,0.75,14,23
7,0.75,15,42
7,0.75,16,63
7,0.75,17,70
7,0.75,18,86
7,0.75,19,106
7,0.75,20,101
7,0.75,21,74
7,0.75,22,65
7,0.75,23,55
7,0.75,24,27
7,0.75,25,10
7,0.75,26,7
7,0.75,27,4
7,0.75,28,1
7,1,19,1
7,1,20,5
7,1,21,13
7,1,22,16
7,1,23,16
7,1,24,23
7,1,25,40
7,1,26,41
7,1,27,50
7,1,28,52
7,1,29,60
7,1,30,76
7,1,31,102
7,1,32,94
7,1,33,97
7,1,34,87
7,1,35,70
7,1,36,62
7,1,37,37
7,1,38,25
7,1,39,23
7,1,40,19
7,1,41,8
7,1,42,5
7,1,43,1
7,1,44,1
8,0.25,6,3
8,0.25,7,3
8,0.25,8,18
8,0.25,9,34
8,0.25,10,45
8,0.25,11,51
8,0.25,12,39
8,0.25,13,29
8,0.25,14,16
8,0.25,15,10
8,0.25,16,4
8,0.25,17,4
8,0.5,9,1
8,0.5,10,11
8,0.5,11,29
8,0.5,12,41
8,0.5,13,58
8,0.5,14,74
8,0.5,15,86
8,0.5,16,79
8,0.5,17,63
8,0.5,18,34
8,0.5,19,15
8,0.5,20,9
8,0.5,21,8
8,0.5,22,3
8,0.5,23,1
8,0.75,11,3
8,0.75,12,5
8,0.75,13,14
8,0.75,14,30
8,0.75,15,45
8,0.75,16,64
8,0.75,17,89
8,0.75,18,111
8,0.75,19,122
8,0.75,20,90
8,0.75,21,82
8,0.75,22,59
8,0.75,23,31
8,0.75,24,17
8,0.75,25,3
8,0.75,26,2
8,0.75,27,1
8,1,17,2
8,1,18,3
8,1,19,5
8,1,20,10
8,1,21,22
8,1,22,29
8,1,23,40
8,1,24,52
8,1,25,61
8,1,26,94
8,1,27,133
8,1,28,124
8,1,29,118
8,1,30,102
8,1,31,77
8,1,32,56
8,1,33,43
8,1,34,25
8,1,35,18
8,1,36,8
8,1,37,1
8,1,38,1
9,0.25,6,2
9,0.25,7,4
9,0.25,8,12
9,0.25,9,24
9,0.25,10,39
9,0.25,11,55
9,0.25,12,44
9,0.25,13,36
9,0.25,14,29
9,0.25,15,11
9,0.5,9,1
9,0.5,10,1
9,0.5,11,14
9,0.5,12,35
9,0.5,13,50
9,0.5,14,61
9,0.5,15,81
9,0.5,16,97
9,0.5,17,81
9,0.5,18,48
9,0.5,19,32
9,0.5,20,10
9,0.5,21,1
9,0.75,12,1
9,0.75,13,8
9,0.75,14,21
9,0.75,15,43
9,0.75,16,47
9,0.75,17,64
9,0.75,18,94
9,0.75,19,130
9,0.75,20,133
9,0.75,21,100
9,0.75,22,71
9,0.75,23,36
9,0.75,24,11
9,0.75,25,5
9,0.75,26,3
9,0.75,27,1
9,1,20,3
9,1,21,6
9,1,22,19
9,1,23,31
9,1,24,48
9,1,25,66
9,1,26,88
9,1,27,100
9,1,28,101
9,1,29,114
9,1,30,113
9,1,31,108
9,1,32,74
9,1,33,61
9,1,34,51
9,1,35,25
9,1,36,12
9,1,37,3
9,1,38,1
10,0.25,8,7
10,0.25,9,16
10,0.25,10,28
10,0.25,11,37
10,0.25,12,49
10,0.25,13,50
10,0.25,14,37
10,0.25,15,23
10,0.25,16,7
10,0.25,17,2
10,0.5,9,1
10,0.5,10,3
10,0.5,11,8
10,0.5,12,17
10,0.5,13,32
10,0.5,14,47
10,0.5,15,67
10,0.5,16,78
10,0.5,17,73
10,0.5,18,70
10,0.5,19,52
10,0.5,20,32
10,0.5,21,17
10,0.5,22,8
10,0.5,23,4
10,0.5,24,2
10,0.5,25,1
10,0.75,12,3
10,0.75,13,9
10,0.75,14,14
10,0.75,15,29
10,0.75,16,39
10,0.75,17,52
10,0.75,18,68
10,0.75,19,89
10,0.75,20,104
10,0.75,21,119
10,0.75,22,104
10,0.75,23,63
10,0.75,24,40
10,0.75,25,21
10,0.75,26,8
10,0.75,27,2
10,0.75,28,2
10,0.75,29,2
10,1,21,3
10,1,22,13
10,1,23,29
10,1,24,44
10,1,25,63
10,1,26,80
10,1,27,92
10,1,28,93
10,1,29,97
10,1,30,109
10,1,31,119
10,1,32,107
10,1,33,84
10,1,34,45
10,1,35,23
10,1,36,15
10,1,37,5
10,1,38,1
10,1,40,1
10,1,41,1
11,0.25,6,2
11,0.25,7,6
11,0.25,8,5
11,0.25,9,14
11,0.25,10,40
11,0.25,11,44
11,0.25,12,37
11,0.25,13,32
11,0.25,14,26
11,0.25,15,20
11,0.25,16,19
11,0.25,17,10
11,0.25,18,1
11,0.5,10,2
11,0.5,11,13
11,0.5,12,30
11,0.5,13,47
11,0.5,14,65
11,0.5,15,75
11,0.5,16,70
11,0.5,17,64
11,0.5,18,52
11,0.5,19,32
11,0.5,20,33
11,0.5,21,23
11,0.5,22,6
11,0.75,12,1
11,0.75,13,6
11,0.75,14,16
11,0.75,15,26
11,0.75,16,30
11,0.75,17,58
11,0.75,18,77
11,0.75,19,101
11,0.75,20,101
11,0.75,21,71
11,0.75,22,77
11,0.75,23,73
11,0.75,24,53
11,0.75,25,45
11,0.75,26,22
11,0.75,27,10
11,0.75,28,1
11,1,21,3
11,1,22,5
11,1,23,7
11,1,24,9
11,1,25,12
11,1,26,26
11,1,27,30
11,1,28,58
11,1,29,88
11,1,30,119
11,1,31,99
11,1,32,107
11,1,33,105
11,1,34,84
11,1,35,76
11,1,36,61
11,1,37,56
11,1,38,39
11,1,39,27
11,1,40,10
11,1,41,2
11,1,42,1
12,0.25,5,1
12,0.25,6,3
12,0.25,7,9
12,0.25,8,15
12,0.25,9,40
12,0.25,10,65
12,0.25,11,61
12,0.25,12,39
12,0.25,13,18
12,0.25,14,4
12,0.25,15,1
12,0.5,9,4
12,0.5,10,11
12,0.5,11,18
12,0.5,12,34
12,0.5,13,65
12,0.5,14,107
12,0.5,15,105
12,0.5,16,85
12,0.5,17,50
12,0.5,18,24
12,0.5,19,7
12,0.5,20,1
12,0.5,21,1
12,0.75,12,5
12,0.75,13,16
12,0.75,14,28
12,0.75,15,60
12,0.75,16,105
12,0.75,17,125
12,0.75,18,141
12,0.75,19,120
12,0.75,20,91
12,0.75,21,47
12,0.75,22,19
12,0.75,23,10
12,0.75,24,1
12,1,20,3
12,1,21,10
12,1,22,22
12,1,23,32
12,1,24,48
12,1,25,62
12,1,26,73
12,1,27,86
12,1,28,120
12,1,29,136
12,1,30,132
12,1,31,113
12,1,32,81
12,1,33,51
12,1,34,29
12,1,35,20
12,1,36,5
12,1,37,1
13,0.25,5,1
13,0.25,6,5
13,0.25,7,14
13,0.25,8,29
13,0.25,9,34
13,0.25,10,48
13,0.25,11,45
13,0.25,12,41
13,0.25,13,18
13,0.25,14,12
13,0.25,15,7
13,0.25,16,2
13,0.5,7,1
13,0.5,8,2
13,0.5,9,8
13,0.5,10,12
13,0.5,11,35
13,0.5,12,40
13,0.5,13,65
13,0.5,14,83
13,0.5,15,82
13,0.5,16,69
13,0.5,17,44
13,0.5,18,34
13,0.5,19,21
13,0.5,20,11
13,0.5,21,5
13,0.75,9,1
13,0.75,10,1
13,0.75,12,6
13,0.75,13,14
13,0.75,14,39
13,0.75,15,50
13,0.75,16,74
13,0.75,17,110
13,0.75,18,111
13,0.75,19,98
13,0.75,20,83
13,0.75,21,59
13,0.75,22,47
13,0.75,23,38
13,0.75,24,27
13,0.75,25,6
13,0.75,26,3
13,0.75,27,1
13,1,18,1
13,1,19,4
13,1,20,5
13,1,21,8
13,1,22,9
13,1,23,19
13,1,24,47
13,1,25,75
13,1,26,102
13,1,27,120
13,1,28,114
13,1,29,91
13,1,30,80
13,1,31,65
13,1,32,73
13,1,33,64
13,1,34,49
13,1,35,33
13,1,36,23
13,1,37,18
13,1,38,10
13,1,39,6
13,1,40,6
13,1,41,2
14,0.25,2,1
14,0.25,4,1
14,0.25,5,1
14,0.25,6,8
14,0.25,7,14
14,0.25,8,17
14,0.25,9,35
14,0.25,10,46
14,0.25,11,42
14,0.25,12,30
14,0.25,13,13
14,0.25,14,11
14,0.25,15,16
14,0.25,16,9
14,0.25,17,7
14,0.25,18,4
14,0.25,19,1
14,0.5,8,1
14,0.5,9,5
14,0.5,10,12
14,0.5,11,19
14,0.5,12,25
14,0.5,13,47
14,0.5,14,70
14,0.5,15,73
14,0.5,16,75
14,0.5,17,64
14,0.5,18,41
14,0.5,19,27
14,0.5,20,15
14,0.5,21,18
14,0.5,22,12
14,0.5,23,6
14,0.5,24,2
14,0.75,11,1
14,0.75,12,5
14,0.75,13,7
14,0.75,14,14
14,0.75,15,28
14,0.75,16,47
14,0.75,17,72
14,0.75,18,92
14,0.75,19,104
14,0.75,20,102
14,0.75,21,90
14,0.75,22,62
14,0.75,23,47
14,0.75,24,28
14,0.75,25,24
14,0.75,26,13
14,0.75,27,16
14,0.75,28,12
14,0.75,29,3
14,0.75,30,1
14,1,18,2
14,1,19,1
14,1,20,7
14,1,21,13
14,1,22,20
14,1,23,24
14,1,24,42
14,1,25,59
14,1,26,80
14,1,27,103
14,1,28,111
14,1,29,101
14,1,30,94
14,1,31,104
14,1,32,83
14,1,33,52
14,1,34,38
14,1,35,30
14,1,36,24
14,1,37,18
14,1,38,12
14,1,39,4
14,1,40,1
14,1,41,1
15,0.25,5,3
15,0.25,6,8
15,0.25,7,12
15,0.25,8,17
15,0.25,9,28
15,0.25,10,34
15,0.25,11,45
15,0.25,12,40
15,0.25,13,31
15,0.25,14,22
15,0.25,15,11
15,0.25,16,4
15,0.25,17,1
15,0.5,9,4
15,0.5,10,8
15,0.5,11,19
15,0.5,12,31
15,0.5,13,42
15,0.5,14,42
15,0.5,15,62
15,0.5,16,74
15,0.5,17,69
15,0.5,18,55
15,0.5,19,46
15,0.5,20,34
15,0.5,21,19
15,0.5,22,6
15,0.5,23,1
15,0.75,11,1
15,0.75,12,5
15,0.75,13,8
15,0.75,14,16
15,0.75,15,21
15,0.75,16,45
15,0.75,17,58
15,0.75,18,80
15,0.75,19,103
15,0.75,20,104
15,0.75,21,80
15,0.75,22,72
15,0.75,23,72
15,0.75,24,55
15,0.75,25,25
15,0.75,26,13
15,0.75,27,4
15,0.75,28,2
15,0.75,29,1
15,0.75,30,2
15,0.75,31,1
15,1,19,2
15,1,20,5
15,1,21,5
15,1,22,7
15,1,23,12
15,1,24,19
15,1,25,41
15,1,26,54
15,1,27,67
15,1,28,103
15,1,29,111
15,1,30,90
15,1,31,84
15,1,32,91
15,1,33,85
15,1,34,63
15,1,35,42
15,1,36,46
15,1,37,40
15,1,38,22
15,1,39,17
15,1,40,7
15,1,41,3
15,1,42,4
15,1,43,3
15,1,44,1
16,0.25,3,1
16,0.25,4,2
16,0.25,5,5
16,0.25,6,9
16,0.25,7,22
16,0.25,8,30
16,0.25,9,46
16,0.25,10,48
16,0.25,11,50
16,0.25,12,27
16,0.25,13,11
16,0.25,14,5
16,0.5,6,1
16,0.5,7,4
16,0.5,8,3
16,0.5,9,6
16,0.5,10,14
16,0.5,11,41
16,0.5,12,72
16,0.5,13,71
16,0.5,14,95
16,0.5,15,87
16,0.5,16,62
16,0.5,17,34
16,0.5,18,17
16,0.5,19,5
16,0.75,9,1
16,0.75,10,2
16,0.75,11,1
16,0.75,12,7
16,0.75,13,20
16,0.75,14,51
16,0.75,15,95
16,0.75,16,115
16,0.75,17,114
16,0.75,18,116
16,0.75,19,104
16,0.75,20,78
16,0.75,21,43
16,0.75,22,15
16,0.75,23,5
16,0.75,24,1
16,1,18,1
16,1,19,2
16,1,20,4
16,1,21,13
16,1,22,20
16,1,23,28
16,1,24,51
16,1,25,61
16,1,26,91
16,1,27,114
16,1,28,110
16,1,29,111
16,1,30,101
16,1,31,100
16,1,32,96
16,1,33,46
16,1,34,33
16,1,35,25
16,1,36,12
16,1,37,5
17,0.25,1,1
17,0.25,2,1
17,0.25,3,4
17,0.25,4,7
17,0.25,5,7
17,0.25,6,8
17,0.25,7,15
17,0.25,8,26
17,0.25,9,36
17,0.25,10,34
17,0.25,11,38
17,0.25,12,36
17,0.25,13,23
17,0.25,14,13
17,0.25,15,6
17,0.25,16,1
17,0.5,5,1
17,0.5,6,3
17,0.5,7,3
17,0.5,8,8
17,0.5,9,8
17,0.5,10,13
17,0.5,11,24
17,0.5,12,33
17,0.5,13,49
17,0.5,14,57
17,0.5,15,76
17,0.5,16,69
17,0.5,17,63
17,0.5,18,46
17,0.5,19,31
17,0.5,20,19
17,0.5,21,8
17,0.5,22,1
17,0.75,7,1
17,0.75,8,1
17,0.75,9,3
17,0.75,10,5
17,0.75,11,6
17,0.75,12,6
17,0.75,13,18
17,0.75,14,31
17,0.75,15,48
17,0.75,16,59
17,0.75,17,84
17,0.75,18,114
17,0.75,19,115
17,0.75,20,81
17,0.75,21,78
17,0.75,22,53
17,0.75,23,35
17,0.75,24,21
17,0.75,25,9
17,1,16,1
17,1,17,3
17,1,18,6
17,1,19,13
17,1,20,22
17,1,21,25
17,1,22,38
17,1,23,63
17,1,24,91
17,1,25,130
17,1,26,144
17,1,27,143
17,1,28,113
17,1,29,82
17,1,30,64
17,1,31,48
17,1,32,24
17,1,33,8
17,1,34,4
17,1,35,2
18,0.25,5,1
18,0.25,7,6
18,0.25,8,19
18,0.25,9,24
18,0.25,10,34
18,0.25,11,50
18,0.25,12,42
18,0.25,13,41
18,0.25,14,24
18,0.25,15,12
18,0.25,16,3
18,0.5,10,2
18,0.5,11,11
18,0.5,12,16
18,0.5,13,28
18,0.5,14,48
18,0.5,15,78
18,0.5,16,83
18,0.5,17,72
18,0.5,18,68
18,0.5,19,52
18,0.5,20,31
18,0.5,21,17
18,0.5,22,5
18,0.5,23,1
18,0.75,11,1
18,0.75,13,2
18,0.75,14,4
18,0.75,15,16
18,0.75,16,25
18,0.75,17,24
18,0.75,18,44
18,0.75,19,78
18,0.75,20,111
18,0.75,21,115
18,0.75,22,111
18,0.75,23,100
18,0.75,24,72
18,0.75,25,36
18,0.75,26,18
18,0.75,27,8
18,0.75,28,2
18,0.75,29,1
18,1,24,1
18,1,25,2
18,1,26,10
18,1,27,21
18,1,28,38
18,1,29,56
18,1,30,85
18,1,31,95
18,1,32,107
18,1,33,100
18,1,34,112
18,1,35,104
18,1,36,85
18,1,37,78
18,1,38,62
18,1,39,36
18,1,40,22
18,1,41,8
18,1,42,2
19,0.25,6,3
19,0.25,7,11
19,0.25,8,17
19,0.25,9,37
19,0.25,10,57
19,0.25,11,65
19,0.25,12,40
19,0.25,13,17
19,0.25,14,7
19,0.25,15,2
19,0.5,8,1
19,0.5,9,5
19,0.5,10,19
19,0.5,11,34
19,0.5,12,49
19,0.5,13,72
19,0.5,14,92
19,0.5,15,100
19,0.5,16,67
19,0.5,17,42
19,0.5,18,23
19,0.5,19,7
19,0.5,20,1
19,0.75,11,3
19,0.75,12,7
19,0.75,13,15
19,0.75,14,37
19,0.75,15,59
19,0.75,16,100
19,0.75,17,126
19,0.75,18,134
19,0.75,19,115
19,0.75,20,86
19,0.75,21,52
19,0.75,22,24
19,0.75,23,8
19,0.75,24,2
19,1,21,5
19,1,22,8
19,1,23,20
19,1,24,47
19,1,25,75
19,1,26,103
19,1,27,121
19,1,28,130
19,1,29,122
19,1,30,113
19,1,31,73
19,1,32,67
19,1,33,47
19,1,34,36
19,1,35,30
19,1,36,16
19,1,37,8
19,1,38,3
20,0.25,6,1
20,0.25,7,7
20,0.25,8,5
20,0.25,9,11
20,0.25,10,17
20,0.25,11,25
20,0.25,12,40
20,0.25,13,43
20,0.25,14,47
20,0.25,15,32
20,0.25,16,22
20,0.25,17,6
20,0.5,7,2
20,0.5,9,2
20,0.5,10,3
20,0.5,11,4
20,0.5,12,11
20,0.5,13,23
20,0.5,14,36
20,0.5,15,49
20,0.5,16,63
20,0.5,17,68
20,0.5,18,70
20,0.5,19,64
20,0.5,20,55
20,0.5,21,40
20,0.5,22,19
20,0.5,23,3
20,0.75,12,2
20,0.75,14,4
20,0.75,15,20
20,0.75,16,25
20,0.75,17,35
20,0.75,18,51
20,0.75,19,65
20,0.75,20,82
20,0.75,21,110
20,0.75,22,119
20,0.75,23,88
20,0.75,24,73
20,0.75,25,48
20,0.75,26,31
20,0.75,27,13
20,0.75,28,2
20,1,20,1
20,1,21,4
20,1,22,3
20,1,23,3
20,1,24,4
20,1,25,20
20,1,26,28
20,1,27,27
20,1,28,34
20,1,29,50
20,1,30,66
20,1,31,87
20,1,32,89
20,1,33,103
20,1,34,111
20,1,35,96
20,1,36,81
20,1,37,59
20,1,38,46
20,1,39,41
20,1,40,36
20,1,41,18
20,1,42,9
20,1,43,4
20,1,44,3
20,1,45,1
21,0.25,7,1
21,0.25,8,2
21,0.25,9,13
21,0.25,10,22
21,0.25,11,36
21,0.25,12,55
21,0.25,13,48
21,0.25,14,38
21,0.25,15,17
21,0.25,16,16
21,0.25,17,7
21,0.25,18,1
21,0.5,11,6
21,0.5,12,19
21,0.5,13,33
21,0.5,14,39
21,0.5,15,53
21,0.5,16,73
21,0.5,17,82
21,0.5,18,88
21,0.5,19,53
21,0.5,20,36
21,0.5,21,18
21,0.5,22,6
21,0.5,23,6
21,0.75,13,8
21,0.75,14,15
21,0.75,15,25
21,0.75,16,29
21,0.75,17,38
21,0.75,18,63
21,0.75,19,103
21,0.75,20,120
21,0.75,21,118
21,0.75,22,92
21,0.75,23,68
21,0.75,24,38
21,0.75,25,26
21,0.75,26,19
21,0.75,27,6
21,1,21,1
21,1,22,1
21,1,23,4
21,1,24,7
21,1,25,17
21,1,26,41
21,1,27,52
21,1,28,67
21,1,29,103
21,1,30,111
21,1,31,111
21,1,32,105
21,1,33,107
21,1,34,101
21,1,35,72
21,1,36,42
21,1,37,31
21,1,38,28
21,1,39,13
21,1,40,8
21,1,41,2
22,0.25,2,1
22,0.25,4,1
22,0.25,5,3
22,0.25,6,8
22,0.25,7,15
22,0.25,8,18
22,0.25,9,31
22,0.25,10,57
22,0.25,11,55
22,0.25,12,33
22,0.25,13,23
22,0.25,14,7
22,0.25,15,4
22,0.5,6,1
22,0.5,7,4
22,0.5,8,6
22,0.5,9,6
22,0.5,10,11
22,0.5,11,23
22,0.5,12,53
22,0.5,13,71
22,0.5,14,88
22,0.5,15,87
22,0.5,16,64
22,0.5,17,33
22,0.5,18,32
22,0.5,19,22
22,0.5,20,9
22,0.5,21,2
22,0.75,10,4
22,0.75,11,7
22,0.75,12,12
22,0.75,13,18
22,0.75,14,33
22,0.75,15,48
22,0.75,16,79
22,0.75,17,111
22,0.75,18,127
22,0.75,19,114
22,0.75,20,93
22,0.75,21,50
22,0.75,22,33
22,0.75,23,22
22,0.75,24,11
22,0.75,25,5
22,0.75,26,1
22,1,16,1
22,1,18,2
22,1,19,1
22,1,20,4
22,1,21,15
22,1,22,26
22,1,23,41
22,1,24,66
22,1,25,99
22,1,26,129
22,1,27,125
22,1,28,131
22,1,29,126
22,1,30,100
22,1,31,69
22,1,32,42
22,1,33,26
22,1,34,13
22,1,35,6
22,1,36,2
23,0.25,3,1
23,0.25,4,1
23,0.25,5,1
23,0.25,6,6
23,0.25,7,13
23,0.25,8,26
23,0.25,9,38
23,0.25,10,65
23,0.25,11,57
23,0.25,12,32
23,0.25,13,12
23,0.25,14,4
23,0.5,3,1
23,0.5,4,1
23,0.5,7,1
23,0.5,8,4
23,0.5,9,11
23,0.5,10,23
23,0.5,11,38
23,0.5,12,77
23,0.5,13,86
23,0.5,14,88
23,0.5,15,89
23,0.5,16,60
23,0.5,17,24
23,0.5,18,8
23,0.5,19,1
23,0.75,11,4
23,0.75,12,13
23,0.75,13,35
23,0.75,14,50
23,0.75,15,86
23,0.75,16,96
23,0.75,17,126
23,0.75,18,138
23,0.75,19,118
23,0.75,20,62
23,0.75,21,24
23,0.75,22,11
23,0.75,23,4
23,0.75,24,1
23,1,20,2
23,1,21,6
23,1,22,13
23,1,23,26
23,1,24,45
23,1,25,77
23,1,26,85
23,1,27,101
23,1,28,129
23,1,29,156
23,1,30,129
23,1,31,97
23,1,32,66
23,1,33,48
23,1,34,29
23,1,35,13
23,1,36,2
24,0.25,2,1
24,0.25,5,1
24,0.25,6,1
24,0.25,7,7
24,0.25,8,13
24,0.25,9,24
24,0.25,10,28
24,0.25,11,35
24,0.25,12,44
24,0.25,13,33
24,0.25,14,25
24,0.25,15,22
24,0.25,16,18
24,0.25,17,4
24,0.5,8,1
24,0.5,9,1
24,0.5,10,7
24,0.5,11,17
24,0.5,12,30
24,0.5,13,27
24,0.5,14,47
24,0.5,15,66
24,0.5,16,71
24,0.5,17,64
24,0.5,18,61
24,0.5,19,50
24,0.5,20,36
24,0.5,21,21
24,0.5,22,8
24,0.5,23,4
24,0.5,24,1
24,0.75,10,1
24,0.75,12,2
24,0.75,13,13
24,0.75,14,23
24,0.75,15,33
24,0.75,16,44
24,0.75,17,62
24,0.75,18,87
24,0.75,19,97
24,0.75,20,98
24,0.75,21,107
24,0.75,22,90
24,0.75,23,55
24,0.75,24,29
24,0.75,25,7
24,0.75,26,7
24,0.75,27,7
24,0.75,28,5
24,0.75,29,1
24,1,18,1
24,1,21,4
24,1,22,7
24,1,23,11
24,1,24,19
24,1,25,19
24,1,26,37
24,1,27,53
24,1,28,56
24,1,29,50
24,1,30,81
24,1,31,96
24,1,32,112
24,1,33,133
24,1,34,110
24,1,35,81
24,1,36,54
24,1,37,30
24,1,38,20
24,1,39,13
24,1,40,18
24,1,41,13
24,1,42,6
25,0.25,4,1
25,0.25,5,2
25,0.25,6,6
25,0.25,7,9
25,0.25,8,19
25,0.25,9,31
25,0.25,10,50
25,0.25,11,53
25,0.25,12,34
25,0.25,13,26
25,0.25,14,18
25,0.25,15,7
25,0.5,8,1
25,0.5,9,2
25,0.5,10,8
25,0.5,11,10
25,0.5,12,26
25,0.5,13,45
25,0.5,14,73
25,0.5,15,85
25,0.5,16,94
25,0.5,17,81
25,0.5,18,51
25,0.5,19,26
25,0.5,20,10
25,0.75,12,3
25,0.75,13,14
25,0.75,14,25
25,0.75,15,39
25,0.75,16,74
25,0.75,17,83
25,0.75,18,99
25,0.75,19,105
25,0.75,20,106
25,0.75,21,100
25,0.75,22,64
25,0.75,23,37
25,0.75,24,13
25,0.75,25,3
25,0.75,26,2
25,0.75,27,1
25,1,19,2
25,1,20,3
25,1,21,1
25,1,22,3
25,1,23,7
25,1,24,18
25,1,25,38
25,1,26,58
25,1,27,75
25,1,28,88
25,1,29,111
25,1,30,123
25,1,31,127
25,1,32,100
25,1,33,81
25,1,34,73
25,1,35,45
25,1,36,30
25,1,37,17
25,1,38,14
25,1,39,5
25,1,40,4
25,1,41,1
26,0.25,5,1
26,0.25,6,1
26,0.25,7,9
26,0.25,8,20
26,0.25,9,42
26,0.25,10,45
26,0.25,11,45
26,0.25,12,35
26,0.25,13,37
26,0.25,14,16
26,0.25,15,4
26,0.25,16,1
26,0.5,10,3
26,0.5,11,16
26,0.5,12,42
26,0.5,13,49
26,0.5,14,73
26,0.5,15,89
26,0.5,16,74
26,0.5,17,60
26,0.5,18,52
26,0.5,19,35
26,0.5,20,14
26,0.5,21,5
26,0.75,12,7
26,0.75,13,14
26,0.75,14,28
26,0.75,15,47
26,0.75,16,72
26,0.75,17,88
26,0.75,18,102
26,0.75,19,111
26,0.75,20,102
26,0.75,21,74
26,0.75,22,45
26,0.75,23,31
26,0.75,24,24
26,0.75,25,14
26,0.75,26,7
26,0.75,27,1
26,0.75,28,1
26,1,18,1
26,1,19,2
26,1,21,3
26,1,22,7
26,1,23,19
26,1,24,34
26,1,25,40
26,1,26,62
26,1,27,81
26,1,28,83
26,1,29,103
26,1,30,120
26,1,31,112
26,1,32,81
26,1,33,83
26,1,34,66
26,1,35,54
26,1,36,38
26,1,37,25
26,1,38,10
27,0.25,5,1
27,0.25,6,7
27,0.25,7,17
27,0.25,8,31
27,0.25,9,39
27,0.25,10,47
27,0.25,11,50
27,0.25,12,40
27,0.25,13,16
27,0.25,14,7
27,0.25,15,1
27,0.5,6,1
27,0.5,9,4
27,0.5,10,14
27,0.5,11,20
27,0.5,12,38
27,0.5,13,55
27,0.5,14,84
27,0.5,15,101
27,0.5,16,82
27,0.5,17,56
27,0.5,18,30
27,0.5,19,14
27,0.5,20,6
27,0.5,21,4
27,0.5,22,2
27,0.5,23,1
27,0.75,9,1
27,0.75,10,1
27,0.75,11,4
27,0.75,12,3
27,0.75,13,9
27,0.75,14,29
27,0.75,15,46
27,0.75,16,63
27,0.75,17,95
27,0.75,18,127
27,0.75,19,125
27,0.75,20,97
27,0.75,21,65
27,0.75,22,42
27,0.75,23,26
27,0.75,24,22
27,0.75,25,9
27,0.75,26,3
27,0.75,27,1
27,1,16,1
27,1,17,1
27,1,19,1
27,1,20,3
27,1,21,14
27,1,22,31
27,1,23,38
27,1,24,54
27,1,25,79
27,1,26,96
27,1,27,100
27,1,28,127
27,1,29,134
27,1,30,101
27,1,31,62
27,1,32,60
27,1,33,53
27,1,34,27
27,1,35,15
27,1,36,11
27,1,37,9
27,1,38,4
27,1,39,2
27,1,40,1
28,0.25,5,1
28,0.25,6,3
28,0.25,7,6
28,0.25,8,13
28,0.25,9,30
28,0.25,10,44
28,0.25,11,56
28,0.25,12,48
28,0.25,13,22
28,0.25,14,20
28,0.25,15,10
28,0.25,16,3
28,0.5,9,1
28,0.5,10,3
28,0.5,11,10
28,0.5,12,17
28,0.5,13,32
28,0.5,14,62
28,0.5,15,82
28,0.5,16,67
28,0.5,17,56
28,0.5,18,48
28,0.5,19,50
28,0.5,20,39
28,0.5,21,25
28,0.5,22,14
28,0.5,23,5
28,0.5,24,1
28,0.75,12,5
28,0.75,13,7
28,0.75,14,13
28,0.75,15,24
28,0.75,16,41
28,0.75,17,68
28,0.75,18,61
28,0.75,19,79
28,0.75,20,77
28,0.75,21,90
28,0.75,22,77
28,0.75,23,70
28,0.75,24,50
28,0.75,25,51
28,0.75,26,35
28,0.75,27,16
28,0.75,28,4
28,1,21,3
28,1,22,4
28,1,23,10
28,1,24,13
28,1,25,23
28,1,26,29
28,1,27,42
28,1,28,62
28,1,29,83
28,1,30,99
28,1,31,80
28,1,32,81
28,1,33,89
28,1,34,94
28,1,35,94
28,1,36,61
28,1,37,53
28,1,38,47
28,1,39,25
28,1,40,10
28,1,41,8
28,1,42,7
28,1,43,4
28,1,44,3
29,0.25,0,1
29,0.25,1,2
29,0.25,2,5
29,0.25,3,7
29,0.25,4,7
29,0.25,5,14
29,0.25,6,19
29,0.25,7,18
29,0.25,8,28
29,0.25,9,37
29,0.25,10,38
29,0.25,11,37
29,0.25,12,22
29,0.25,13,12
29,0.25,14,7
29,0.25,15,2
29,0.5,0,1
29,0.5,3,2
29,0.5,4,3
29,0.5,5,6
29,0.5,6,10
29,0.5,7,9
29,0.5,8,16
29,0.5,9,18
29,0.5,10,31
29,0.5,11,46
29,0.5,12,52
29,0.5,13,57
29,0.5,14,64
29,0.5,15,62
29,0.5,16,40
29,0.5,17,39
29,0.5,18,37
29,0.5,19,15
29,0.5,20,3
29,0.5,21,1
29,0.75,4,1
29,0.75,6,1
29,0.75,7,2
29,0.75,8,1
29,0.75,9,3
29,0.75,10,6
29,0.75,11,18
29,0.75,12,29
29,0.75,13,52
29,0.75,14,53
29,0.75,15,64
29,0.75,16,79
29,0.75,17,85
29,0.75,18,82
29,0.75,19,76
29,0.75,20,86
29,0.75,21,71
29,0.75,22,36
29,0.75,23,18
29,0.75,24,4
29,0.75,25,1
29,1,16,1
29,1,17,5
29,1,18,9
29,1,19,8
29,1,20,19
29,1,21,49
29,1,22,67
29,1,23,80
29,1,24,93
29,1,25,77
29,1,26,70
29,1,27,81
29,1,28,86
29,1,29,91
29,1,30,98
29,1,31,78
29,1,32,55
29,1,33,30
29,1,34,18
29,1,35,7
29,1,36,2
30,0.25,5,7
30,0.25,6,8
30,0.25,7,17
30,0.25,8,33
30,0.25,9,46
30,0.25,10,47
30,0.25,11,42
30,0.25,12,32
30,0.25,13,13
30,0.25,14,7
30,0.25,15,4
30,0.5,5,1
30,0.5,7,3
30,0.5,8,8
30,0.5,9,9
30,0.5,10,23
30,0.5,11,46
30,0.5,12,59
30,0.5,13,82
30,0.5,14,87
30,0.5,15,77
30,0.5,16,58
30,0.5,17,37
30,0.5,18,11
30,0.5,19,6
30,0.5,20,3
30,0.5,21,1
30,0.5,22,1
30,0.75,9,1
30,0.75,10,2
30,0.75,11,2
30,0.75,12,10
30,0.75,13,31
30,0.75,14,39
30,0.75,15,75
30,0.75,16,83
30,0.75,17,107
30,0.75,18,129
30,0.75,19,102
30,0.75,20,84
30,0.75,21,66
30,0.75,22,31
30,0.75,23,4
30,0.75,24,2
30,1,15,3
30,1,16,4
30,1,17,3
30,1,18,5
30,1,19,15
30,1,20,16
30,1,21,31
30,1,22,36
30,1,23,53
30,1,24,78
30,1,25,103
30,1,26,116
30,1,27,116
30,1,28,116
30,1,29,110
30,1,30,81
30,1,31,54
30,1,32,42
30,1,33,27
30,1,34,12
30,1,35,2
30,1,36,1
31,0.25,6,1
31,0.25,7,6
31,0.25,8,10
31,0.25,9,15
31,0.25,10,37
31,0.25,11,45
31,0.25,12,41
31,0.25,13,39
31,0.25,14,32
31,0.25,15,18
31,0.25,16,9
31,0.25,17,2
31,0.25,18,1
31,0.5,9,1
31,0.5,10,2
31,0.5,11,11
31,0.5,12,22
31,0.5,13,42
31,0.5,14,68
31,0.5,15,77
31,0.5,16,87
31,0.5,17,70
31,0.5,18,51
31,0.5,19,37
31,0.5,20,21
31,0.5,21,15
31,0.5,22,7
31,0.5,23,1
31,0.75,11,1
31,0.75,12,3
31,0.75,13,5
31,0.75,14,9
31,0.75,15,21
31,0.75,16,42
31,0.75,17,47
31,0.75,18,77
31,0.75,19,106
31,0.75,20,106
31,0.75,21,87
31,0.75,22,82
31,0.75,23,60
31,0.75,24,57
31,0.75,25,40
31,0.75,26,18
31,0.75,27,5
31,0.75,28,1
31,0.75,29,1
31,1,19,3
31,1,20,3
31,1,21,3
31,1,22,13
31,1,23,20
31,1,24,23
31,1,25,33
31,1,26,65
31,1,27,105
31,1,28,107
31,1,29,108
31,1,30,116
31,1,31,116
31,1,32,106
31,1,33,85
31,1,34,55
31,1,35,27
31,1,36,14
31,1,37,8
31,1,38,6
31,1,39,4
31,1,40,2
31,1,41,1
31,1,42,1
32,0.25,8,3
32,0.25,9,2
32,0.25,10,16
32,0.25,11,28
32,0.25,12,44
32,0.25,13,52
32,0.25,14,45
32,0.25,15,33
32,0.25,16,22
32,0.25,17,7
32,0.25,18,3
32,0.25,19,1
32,0.5,10,1
32,0.5,12,2
32,0.5,13,14
32,0.5,14,32
32,0.5,15,43
32,0.5,16,67
32,0.5,17,97
32,0.5,18,89
32,0.5,19,73
32,0.5,20,53
32,0.5,21,29
32,0.5,22,12
32,0.75,14,2
32,0.75,15,3
32,0.75,16,14
32,0.75,17,37
32,0.75,18,51
32,0.75,19,78
32,0.75,20,107
32,0.75,21,132
32,0.75,22,121
32,0.75,23,90
32,0.75,24,63
32,0.75,25,31
32,0.75,26,21
32,0.75,27,12
32,0.75,28,5
32,0.75,29,1
32,1,22,1
32,1,23,3
32,1,24,13
32,1,25,21
32,1,26,33
32,1,27,40
32,1,28,52
32,1,29,74
32,1,30,90
32,1,31,109
32,1,32,128
32,1,33,141
32,1,34,115
32,1,35,79
32,1,36,56
32,1,37,43
32,1,38,20
32,1,39,5
32,1,40,1
33,0.25,2,1
33,0.25,3,1
33,0.25,4,2
33,0.25,5,5
33,0.25,6,14
33,0.25,7,33
33,0.25,8,31
33,0.25,9,29
33,0.25,10,43
33,0.25,11,38
33,0.25,12,34
33,0.25,13,19
33,0.25,14,6
33,0.5,5,1
33,0.5,7,2
33,0.5,8,7
33,0.5,9,15
33,0.5,10,34
33,0.5,11,64
33,0.5,12,59
33,0.5,13,78
33,0.5,14,77
33,0.5,15,53
33,0.5,16,48
33,0.5,17,41
33,0.5,18,23
33,0.5,19,7
33,0.5,20,2
33,0.5,21,1
33,0.75,7,1
33,0.75,8,3
33,0.75,9,2
33,0.75,10,6
33,0.75,11,17
33,0.75,12,30
33,0.75,13,59
33,0.75,14,76
33,0.75,15,82
33,0.75,16,89
33,0.75,17,112
33,0.75,18,91
33,0.75,19,67
33,0.75,20,52
33,0.75,21,44
33,0.75,22,23
33,0.75,23,11
33,0.75,24,2
33,0.75,25,1
33,1,18,1
33,1,19,2
33,1,20,6
33,1,21,12
33,1,22,29
33,1,23,45
33,1,24,71
33,1,25,96
33,1,26,107
33,1,27,99
33,1,28,107
33,1,29,102
33,1,30,90
33,1,31,75
33,1,32,66
33,1,33,53
33,1,34,25
33,1,35,16
33,1,36,12
33,1,37,6
33,1,38,4
34,0.25,7,3
34,0.25,8,13
34,0.25,9,31
34,0.25,10,39
34,0.25,11,65
34,0.25,12,48
34,0.25,13,20
34,0.25,14,20
34,0.25,15,11
34,0.25,16,5
34,0.25,17,1
34,0.5,9,1
34,0.5,10,4
34,0.5,11,8
34,0.5,12,22
34,0.5,13,52
34,0.5,14,72
34,0.5,15,68
34,0.5,16,79
34,0.5,17,72
34,0.5,18,55
34,0.5,19,42
34,0.5,20,25
34,0.5,21,9
34,0.5,23,1
34,0.5,24,2
34,0.75,10,1
34,0.75,11,2
34,0.75,12,2
34,0.75,13,4
34,0.75,14,7
34,0.75,15,17
34,0.75,16,31
34,0.75,17,51
34,0.75,18,92
34,0.75,19,117
34,0.75,20,115
34,0.75,21,97
34,0.75,22,83
34,0.75,23,65
34,0.75,24,48
34,0.75,25,26
34,0.75,26,8
34,0.75,27,2
34,1,16,1
34,1,17,2
34,1,18,4
34,1,19,4
34,1,20,7
34,1,21,6
34,1,22,8
34,1,23,21
34,1,24,24
34,1,25,24
34,1,26,38
34,1,27,73
34,1,28,109
34,1,29,105
34,1,30,117
34,1,31,109
34,1,32,106
34,1,33,89
34,1,34,67
34,1,35,46
34,1,36,32
34,1,37,18
34,1,38,8
34,1,39,3
34,1,40,2
34,1,41,1
35,0.25,3,2
35,0.25,4,3
35,0.25,5,7
35,0.25,6,10
35,0.25,7,18
35,0.25,8,24
35,0.25,9,41
35,0.25,10,54
35,0.25,11,42
35,0.25,12,27
35,0.25,13,20
35,0.25,14,7
35,0.25,15,1
35,0.5,8,2
35,0.5,9,5
35,0.5,10,7
35,0.5,11,18
35,0.5,12,35
35,0.5,13,55
35,0.5,14,65
35,0.5,15,92
35,0.5,16,73
35,0.5,17,60
35,0.5,18,52
35,0.5,19,24
35,0.5,20,17
35,0.5,21,6
35,0.5,22,1
35,0.75,12,1
35,0.75,13,4
35,0.75,14,9
35,0.75,15,27
35,0.75,16,50
35,0.75,17,77
35,0.75,18,88
35,0.75,19,106
35,0.75,20,101
35,0.75,21,101
35,0.75,22,80
35,0.75,23,61
35,0.75,24,39
35,0.75,25,17
35,0.75,26,5
35,0.75,27,2
35,1,20,1
35,1,21,4
35,1,22,8
35,1,23,9
35,1,24,10
35,1,25,21
35,1,26,39
35,1,27,61
35,1,28,94
35,1,29,116
35,1,30,111
35,1,31,128
35,1,32,124
35,1,33,93
35,1,34,97
35,1,35,62
35,1,36,25
35,1,37,13
35,1,38,3
35,1,39,4
35,1,40,1
36,0.25,4,2
36,0.25,5,7
36,0.25,6,13
36,0.25,7,13
36,0.25,8,24
36,0.25,9,35
36,0.25,10,37
36,0.25,11,41
36,0.25,12,35
36,0.25,13,26
36,0.25,14,13
36,0.25,15,6
36,0.25,16,3
36,0.25,17,1
36,0.5,5,1
36,0.5,6,2
36,0.5,7,5
36,0.5,8,6
36,0.5,9,4
36,0.5,10,9
36,0.5,11,21
36,0.5,12,37
36,0.5,13,59
36,0.5,14,66
36,0.5,15,75
36,0.5,16,59
36,0.5,17,61
36,0.5,18,53
36,0.5,19,40
36,0.5,20,11
36,0.5,21,2
36,0.5,22,1
36,0.75,8,1
36,0.75,9,1
36,0.75,10,3
36,0.75,11,3
36,0.75,12,2
36,0.75,13,10
36,0.75,14,27
36,0.75,15,50
36,0.75,16,75
36,0.75,17,95
36,0.75,18,91
36,0.75,19,89
36,0.75,20,89
36,0.75,21,91
36,0.75,22,71
36,0.75,23,40
36,0.75,24,22
36,0.75,25,7
36,0.75,26,1
36,1,17,2
36,1,18,7
36,1,19,11
36,1,20,26
36,1,21,30
36,1,22,39
36,1,23,72
36,1,24,94
36,1,25,106
36,1,26,104
36,1,27,104
36,1,28,97
36,1,29,91
36,1,30,85
36,1,31,60
36,1,32,34
36,1,33,20
36,1,34,18
36,1,35,13
36,1,36,9
36,1,37,2
37,0.25,4,2
37,0.25,5,2
37,0.25,6,5
37,0.25,7,13
37,0.25,8,21
37,0.25,9,39
37,0.25,10,39
37,0.25,11,43
37,0.25,12,39
37,0.25,13,32
37,0.25,14,13
37,0.25,15,6
37,0.25,16,2
37,0.5,8,1
37,0.5,9,4
37,0.5,10,12
37,0.5,11,25
37,0.5,12,46
37,0.5,13,69
37,0.5,14,66
37,0.5,15,70
37,0.5,16,83
37,0.5,17,71
37,0.5,18,38
37,0.5,19,18
37,0.5,20,5
37,0.5,21,3
37,0.5,22,1
37,0.75,10,3
37,0.75,11,4
37,0.75,12,5
37,0.75,13,18
37,0.75,14,37
37,0.75,15,51
37,0.75,16,78
37,0.75,17,82
37,0.75,18,95
37,0.75,19,121
37,0.75,20,117
37,0.75,21,77
37,0.75,22,44
37,0.75,23,24
37,0.75,24,10
37,0.75,25,2
37,1,19,1
37,1,20,7
37,1,21,10
37,1,22,20
37,1,23,38
37,1,24,59
37,1,25,79
37,1,26,106
37,1,27,99
37,1,28,90
37,1,29,89
37,1,30,102
37,1,31,86
37,1,32,68
37,1,33,56
37,1,34,56
37,1,35,34
37,1,36,14
37,1,37,3
37,1,38,1
37,1,39,2
37,1,40,3
37,1,41,1
38,0.25,5,2
38,0.25,6,2
38,0.25,7,3
38,0.25,8,7
38,0.25,9,21
38,0.25,10,42
38,0.25,11,62
38,0.25,12,57
38,0.25,13,35
38,0.25,14,16
38,0.25,15,7
38,0.25,16,2
38,0.5,9,1
38,0.5,10,3
38,0.5,11,19
38,0.5,12,23
38,0.5,13,55
38,0.5,14,71
38,0.5,15,85
38,0.5,16,91
38,0.5,17,70
38,0.5,18,46
38,0.5,19,31
38,0.5,20,12
38,0.5,21,4
38,0.5,22,1
38,0.75,11,2
38,0.75,12,5
38,0.75,13,8
38,0.75,14,9
38,0.75,15,32
38,0.75,16,59
38,0.75,17,74
38,0.75,18,102
38,0.75,19,120
38,0.75,20,110
38,0.75,21,85
38,0.75,22,78
38,0.75,23,48
38,0.75,24,23
38,0.75,25,10
38,0.75,26,2
38,0.75,27,1
38,1,18,1
38,1,19,5
38,1,20,11
38,1,21,13
38,1,22,21
38,1,23,36
38,1,24,59
38,1,25,86
38,1,26,85
38,1,27,97
38,1,28,117
38,1,29,112
38,1,30,115
38,1,31,93
38,1,32,72
38,1,33,56
38,1,34,26
38,1,35,8
38,1,36,6
38,1,37,3
38,1,38,2
39,0.25,3,1
39,0.25,4,2
39,0.25,5,11
39,0.25,6,16
39,0.25,7,26
39,0.25,8,35
39,0.25,9,42
39,0.25,10,48
39,0.25,11,40
39,0.25,12,24
39,0.25,13,11
39,0.5,6,2
39,0.5,7,4
39,0.5,8,10
39,0.5,9,24
39,0.5,10,36
39,0.5,11,63
39,0.5,12,80
39,0.5,13,75
39,0.5,14,60
39,0.5,15,60
39,0.5,16,48
39,0.5,17,33
39,0.5,18,15
39,0.5,19,2
39,0.75,9,2
39,0.75,10,7
39,0.75,11,11
39,0.75,12,16
39,0.75,13,51
39,0.75,14,76
39,0.75,15,94
39,0.75,16,87
39,0.75,17,98
39,0.75,18,95
39,0.75,19,90
39,0.75,20,80
39,0.75,21,43
39,0.75,22,15
39,0.75,23,3
39,1,15,1
39,1,16,4
39,1,17,12
39,1,18,41
39,1,19,62
39,1,20,72
39,1,21,105
39,1,22,101
39,1,23,122
39,1,24,123
39,1,25,112
39,1,26,92
39,1,27,73
39,1,28,57
39,1,29,28
39,1,30,13
39,1,31,4
39,1,32,1
39,1,33,1
40,0.25,5,1
40,0.25,6,3
40,0.25,7,9
40,0.25,8,20
40,0.25,9,33
40,0.25,10,44
40,0.25,11,48
40,0.25,12,46
40,0.25,13,30
40,0.25,14,13
40,0.25,15,7
40,0.25,16,2
40,0.5,9,2
40,0.5,10,2
40,0.5,11,13
40,0.5,12,25
40,0.5,13,48
40,0.5,14,66
40,0.5,15,75
40,0.5,16,87
40,0.5,17,72
40,0.5,18,54
40,0.5,19,38
40,0.5,20,20
40,0.5,21,9
40,0.5,22,1
40,0.75,12,1
40,0.75,13,3
40,0.75,14,9
40,0.75,15,23
40,0.75,16,45
40,0.75,17,72
40,0.75,18,97
40,0.75,19,118
40,0.75,20,131
40,0.75,21,92
40,0.75,22,66
40,0.75,23,48
40,0.75,24,38
40,0.75,25,19
40,0.75,26,4
40,0.75,27,2
40,1,21,3
40,1,22,7
40,1,23,12
40,1,24,32
40,1,25,46
40,1,26,69
40,1,27,97
40,1,28,112
40,1,29,122
40,1,30,132
40,1,31,131
40,1,32,90
40,1,33,52
40,1,34,31
40,1,35,21
40,1,36,23
40,1,37,19
40,1,38,11
40,1,39,10
40,1,40,3
40,1,41,1
41,0.25,6,3
41,0.25,7,8
41,0.25,8,13
41,0.25,9,31
41,0.25,10,37
41,0.25,11,42
41,0.25,12,41
41,0.25,13,36
41,0.25,14,29
41,0.25,15,12
41,0.25,16,3
41,0.25,17,1
41,0.5,8,1
41,0.5,9,1
41,0.5,10,2
41,0.5,11,10
41,0.5,12,20
41,0.5,13,31
41,0.5,14,50
41,0.5,15,63
41,0.5,16,68
41,0.5,17,79
41,0.5,18,79
41,0.5,19,52
41,0.5,20,30
41,0.5,21,19
41,0.5,22,6
41,0.5,23,1
41,0.75,13,3
41,0.75,14,8
41,0.75,15,21
41,0.75,16,41
41,0.75,17,44
41,0.75,18,65
41,0.75,19,87
41,0.75,20,111
41,0.75,21,124
41,0.75,22,99
41,0.75,23,71
41,0.75,24,49
41,0.75,25,24
41,0.75,26,14
41,0.75,27,5
41,0.75,28,2
41,1,20,1
41,1,21,4
41,1,22,8
41,1,23,6
41,1,24,2
41,1,26,1
41,1,27,5
41,1,28,18
41,1,29,22
41,1,30,38
41,1,31,62
41,1,32,78
41,1,33,95
41,1,34,98
41,1,35,94
41,1,36,96
41,1,37,83
41,1,38,71
41,1,39,62
41,1,40,46
41,1,41,33
41,1,42,24
41,1,43,25
41,1,44,24
41,1,45,18
41,1,46,8
41,1,47,2
42,0.25,4,1
42,0.25,7,8
42,0.25,8,23
42,0.25,9,37
42,0.25,10,42
42,0.25,11,55
42,0.25,12,51
42,0.25,13,25
42,0.25,14,9
42,0.25,15,4
42,0.25,16,1
42,0.5,7,1
42,0.5,9,1
42,0.5,10,7
42,0.5,11,17
42,0.5,12,44
42,0.5,13,63
42,0.5,14,67
42,0.5,15,83
42,0.5,16,81
42,0.5,17,68
42,0.5,18,44
42,0.5,19,23
42,0.5,20,9
42,0.5,21,3
42,0.5,22,1
42,0.75,12,3
42,0.75,13,13
42,0.75,14,33
42,0.75,15,55
42,0.75,16,56
42,0.75,17,87
42,0.75,18,99
42,0.75,19,116
42,0.75,20,113
42,0.75,21,93
42,0.75,22,55
42,0.75,23,25
42,0.75,24,12
42,0.75,25,8
42,1,19,1
42,1,20,3
42,1,21,9
42,1,22,16
42,1,23,33
42,1,24,56
42,1,25,66
42,1,26,80
42,1,27,87
42,1,28,102
42,1,29,114
42,1,30,110
42,1,31,110
42,1,32,82
42,1,33,63
42,1,34,38
42,1,35,28
42,1,36,14
42,1,37,8
42,1,38,4
43,0.25,5,1
43,0.25,6,5
43,0.25,7,10
43,0.25,8,23
43,0.25,9,38
43,0.25,10,44
43,0.25,11,46
43,0.25,12,33
43,0.25,13,27
43,0.25,14,19
43,0.25,15,8
43,0.25,16,2
43,0.5,7,1
43,0.5,8,7
43,0.5,9,13
43,0.5,10,17
43,0.5,11,20
43,0.5,12,49
43,0.5,13,72
43,0.5,14,89
43,0.5,15,72
43,0.5,16,54
43,0.5,17,44
43,0.5,18,34
43,0.5,19,21
43,0.5,20,10
43,0.5,21,5
43,0.5,22,3
43,0.5,23,1
43,0.75,10,2
43,0.75,11,3
43,0.75,12,13
43,0.75,13,22
43,0.75,14,32
43,0.75,15,51
43,0.75,16,76
43,0.75,17,95
43,0.75,18,98
43,0.75,19,101
43,0.75,20,80
43,0.75,21,65
43,0.75,22,42
43,0.75,23,38
43,0.75,24,26
43,0.75,25,16
43,0.75,26,5
43,0.75,27,3
43,1,19,1
43,1,21,1
43,1,22,5
43,1,23,12
43,1,24,19
43,1,25,34
43,1,26,53
43,1,27,60
43,1,28,66
43,1,29,77
43,1,30,86
43,1,31,98
43,1,32,107
43,1,33,99
43,1,34,93
43,1,35,60
43,1,36,54
43,1,37,46
43,1,38,32
43,1,39,16
43,1,40,4
43,1,41,1
44,0.25,5,3
44,0.25,6,5
44,0.25,7,3
44,0.25,8,8
44,0.25,9,13
44,0.25,10,29
44,0.25,11,42
44,0.25,12,49
44,0.25,13,42
44,0.25,14,36
44,0.25,15,17
44,0.25,16,7
44,0.25,17,2
44,0.5,8,1
44,0.5,9,5
44,0.5,10,3
44,0.5,11,7
44,0.5,12,16
44,0.5,13,37
44,0.5,14,54
44,0.5,15,73
44,0.5,16,81
44,0.5,17,74
44,0.5,18,60
44,0.5,19,51
44,0.5,20,29
44,0.5,21,15
44,0.5,22,4
44,0.5,23,2
44,0.75,9,1
44,0.75,11,2
44,0.75,12,4
44,0.75,13,4
44,0.75,14,4
44,0.75,15,13
44,0.75,16,38
44,0.75,17,62
44,0.75,18,85
44,0.75,19,110
44,0.75,20,133
44,0.75,21,94
44,0.75,22,68
44,0.75,23,58
44,0.75,24,48
44,0.75,25,23
44,0.75,26,15
44,0.75,27,4
44,0.75,28,1
44,0.75,29,1
44,1,18,1
44,1,21,3
44,1,22,14
44,1,23,16
44,1,24,32
44,1,25,62
44,1,26,80
44,1,27,117
44,1,28,129
44,1,29,108
44,1,30,127
44,1,31,123
44,1,32,71
44,1,33,41
44,1,34,40
44,1,35,25
44,1,36,16
44,1,37,12
44,1,38,6
44,1,39,1
45,0.25,2,1
45,0.25,3,4
45,0.25,4,7
45,0.25,5,10
45,0.25,6,20
45,0.25,7,32
45,0.25,8,37
45,0.25,9,47
45,0.25,10,35
45,0.25,11,23
45,0.25,12,18
45,0.25,13,10
45,0.25,14,7
45,0.25,15,4
45,0.25,16,1
45,0.5,4,2
45,0.5,5,2
45,0.5,6,6
45,0.5,7,5
45,0.5,8,14
45,0.5,9,20
45,0.5,10,25
45,0.5,11,41
45,0.5,12,58
45,0.5,13,75
45,0.5,14,68
45,0.5,15,63
45,0.5,16,56
45,0.5,17,34
45,0.5,18,17
45,0.5,19,13
45,0.5,20,10
45,0.5,21,3
45,0.75,6,1
45,0.75,9,1
45,0.75,10,4
45,0.75,11,7
45,0.75,12,21
45,0.75,13,40
45,0.75,14,45
45,0.75,15,73
45,0.75,16,98
45,0.75,17,112
45,0.75,18,99
45,0.75,19,63
45,0.75,20,58
45,0.75,21,49
45,0.75,22,36
45,0.75,23,22
45,0.75,24,18
45,0.75,25,14
45,0.75,26,5
45,0.75,27,2
45,1,15,1
45,1,16,2
45,1,17,2
45,1,18,9
45,1,19,20
45,1,20,33
45,1,21,38
45,1,22,72
45,1,23,77
45,1,24,93
45,1,25,114
45,1,26,102
45,1,27,89
45,1,28,91
45,1,29,83
45,1,30,70
45,1,31,32
45,1,32,25
45,1,33,26
45,1,34,13
45,1,35,11
45,1,36,11
45,1,37,7
45,1,38,3
46,0.25,0,1
46,0.25,1,3
46,0.25,2,3
46,0.25,3,8
46,0.25,4,12
46,0.25,5,19
46,0.25,6,26
46,0.25,7,21
46,0.25,8,27
46,0.25,9,34
46,0.25,10,31
46,0.25,11,29
46,0.25,12,18
46,0.25,13,16
46,0.25,14,6
46,0.25,15,1
46,0.25,16,1
46,0.5,0,1
46,0.5,1,3
46,0.5,2,3
46,0.5,3,8
46,0.5,4,12
46,0.5,5,19
46,0.5,6,26
46,0.5,7,22
46,0.5,8,27
46,0.5,9,37
46,0.5,10,41
46,0.5,11,51
46,0.5,12,51
46,0.5,13,49
46,0.5,14,45
46,0.5,15,37
46,0.5,16,35
46,0.5,17,19
46,0.5,18,15
46,0.5,19,7
46,0.5,20,4
46,0.75,0,1
46,0.75,1,3
46,0.75,2,3
46,0.75,3,8
46,0.75,4,12
46,0.75,5,19
46,0.75,6,26
46,0.75,7,22
46,0.75,8,26
46,0.75,9,35
46,0.75,10,37
46,0.75,11,47
46,0.75,12,47
46,0.75,13,53
46,0.75,14,60
46,0.75,15,59
46,0.75,16,62
46,0.75,17,70
46,0.75,18,51
46,0.75,19,43
46,0.75,20,32
46,0.75,21,31
46,0.75,22,14
46,0.75,23,6
46,0.75,24,1
46,1,2,1
46,1,3,1
46,1,4,4
46,1,5,3
46,1,6,2
46,1,7,3
46,1,8,3
46,1,9,6
46,1,10,6
46,1,11,13
46,1,12,7
46,1,13,7
46,1,14,11
46,1,15,12
46,1,16,16
46,1,17,22
46,1,18,11
46,1,19,16
46,1,20,18
46,1,21,29
46,1,22,39
46,1,23,50
46,1,24,70
46,1,25,87
46,1,26,115
46,1,27,110
46,1,28,84
46,1,29,54
46,1,30,42
46,1,31,37
46,1,32,32
46,1,33,37
46,1,34,31
46,1,35,23
46,1,36,13
46,1,37,8
46,1,38,1
47,0.25,6,2
47,0.25,7,7
47,0.25,8,19
47,0.25,9,32
47,0.25,10,42
47,0.25,11,47
47,0.25,12,35
47,0.25,13,37
47,0.25,14,20
47,0.25,15,10
47,0.25,16,5
47,0.5,9,2
47,0.5,10,2
47,0.5,11,11
47,0.5,12,21
47,0.5,13,39
47,0.5,14,75
47,0.5,15,84
47,0.5,16,86
47,0.5,17,78
47,0.5,18,56
47,0.5,19,37
47,0.5,20,13
47,0.5,21,7
47,0.5,22,1
47,0.75,11,1
47,0.75,12,4
47,0.75,13,6
47,0.75,14,7
47,0.75,15,19
47,0.75,16,43
47,0.75,17,75
47,0.75,18,116
47,0.75,19,112
47,0.75,20,97
47,0.75,21,102
47,0.75,22,67
47,0.75,23,48
47,0.75,24,37
47,0.75,25,21
47,0.75,26,8
47,0.75,27,4
47,0.75,28,1
47,1,19,2
47,1,20,2
47,1,21,3
47,1,22,4
47,1,23,9
47,1,24,13
47,1,25,22
47,1,26,40
47,1,27,68
47,1,28,85
47,1,29,111
47,1,30,130
47,1,31,112
47,1,32,96
47,1,33,75
47,1,34,62
47,1,35,53
47,1,36,47
47,1,37,40
47,1,38,24
47,1,39,14
47,1,40,8
47,1,41,3
47,1,42,1
48,0.25,2,2
48,0.25,3,3
48,0.25,4,4
48,0.25,5,5
48,0.25,6,7
48,0.25,7,5
48,0.25,8,9
48,0.25,9,24
48,0.25,10,32
48,0.25,11,38
48,0.25,12,49
48,0.25,13,41
48,0.25,14,26
48,0.25,15,9
48,0.25,16,2
48,0.5,9,1
48,0.5,10,5
48,0.5,11,8
48,0.5,12,36
48,0.5,13,44
48,0.5,14,58
48,0.5,15,83
48,0.5,16,90
48,0.5,17,81
48,0.5,18,55
48,0.5,19,31
48,0.5,20,15
48,0.5,21,5
48,0.75,10,1
48,0.75,11,2
48,0.75,12,6
48,0.75,13,9
48,0.75,14,34
48,0.75,15,43
48,0.75,16,62
48,0.75,17,95
48,0.75,18,123
48,0.75,19,120
48,0.75,20,104
48,0.75,21,72
48,0.75,22,47
48,0.75,23,27
48,0.75,24,16
48,0.75,25,7
48,1,20,4
48,1,21,8
48,1,22,20
48,1,23,42
48,1,24,58
48,1,25,85
48,1,26,121
48,1,27,130
48,1,28,120
48,1,29,103
48,1,30,92
48,1,31,79
48,1,32,67
48,1,33,45
48,1,34,27
48,1,35,11
48,1,36,6
48,1,37,5
48,1,38,1
49,0.25,4,1
49,0.25,5,6
49,0.25,6,7
49,0.25,7,18
49,0.25,8,27
49,0.25,9,46
49,0.25,10,52
49,0.25,11,38
49,0.25,12,34
49,0.25,13,19
49,0.25,14,6
49,0.25,15,2
49,0.5,7,1
49,0.5,8,3
49,0.5,9,7
49,0.5,10,16
49,0.5,11,23
49,0.5,12,45
49,0.5,13,73
49,0.5,14,83
49,0.5,15,87
49,0.5,16,74
49,0.5,17,52
49,0.5,18,26
49,0.5,19,16
49,0.5,20,6
49,0.75,8,1
49,0.75,9,2
49,0.75,10,2
49,0.75,11,1
49,0.75,12,5
49,0.75,13,18
49,0.75,14,34
49,0.75,15,76
49,0.75,16,90
49,0.75,17,93
49,0.75,18,94
49,0.75,19,127
49,0.75,20,109
49,0.75,21,59
49,0.75,22,28
49,0.75,23,16
49,0.75,24,8
49,0.75,25,4
49,0.75,26,1
49,1,20,7
49,1,21,17
49,1,22,27
49,1,23,39
49,1,24,59
49,1,25,84
49,1,26,102
49,1,27,107
49,1,28,118
49,1,29,111
49,1,30,99
49,1,31,79
49,1,32,58
49,1,33,38
49,1,34,30
49,1,35,28
49,1,36,14
49,1,37,5
49,1,38,2
50,0.25,2,1
50,0.25,3,3
50,0.25,4,4
50,0.25,5,14
50,0.25,6,28
50,0.25,7,34
50,0.25,8,36
50,0.25,9,44
50,0.25,10,35
50,0.25,11,27
50,0.25,12,18
50,0.25,13,9
50,0.25,14,3
50,0.5,3,1
50,0.5,4,1
50,0.5,5,3
50,0.5,6,2
50,0.5,7,4
50,0.5,8,12
50,0.5,9,24
50,0.5,10,31
50,0.5,11,41
50,0.5,12,62
50,0.5,13,78
50,0.5,14,72
50,0.5,15,59
50,0.5,16,53
50,0.5,17,44
50,0.5,18,19
50,0.5,19,6
50,0.75,6,1
50,0.75,7,2
50,0.75,8,2
50,0.75,9,2
50,0.75,10,4
50,0.75,11,6
50,0.75,12,18
50,0.75,13,38
50,0.75,14,66
50,0.75,15,74
50,0.75,16,83
50,0.75,17,114
50,0.75,18,113
50,0.75,19,94
50,0.75,20,70
50,0.75,21,45
50,0.75,22,26
50,0.75,23,8
50,0.75,24,2
50,1,19,1
50,1,20,8
50,1,21,14
50,1,22,14
50,1,23,19
50,1,24,37
50,1,25,42
50,1,26,53
50,1,27,84
50,1,28,104
50,1,29,100
50,1,30,110
50,1,31,103
50,1,32,97
50,1,33,74
50,1,34,49
50,1,35,36
50,1,36,31
50,1,37,18
50,1,38,16
50,1,39,9
50,1,40,3
50,1,41,2
51,0.25,3,2
51,0.25,4,2
51,0.25,5,7
51,0.25,6,17
51,0.25,7,30
51,0.25,8,44
51,0.25,9,53
51,0.25,10,46
51,0.25,11,33
51,0.25,12,15
51,0.25,13,4
51,0.25,14,2
51,0.25,15,1
51,0.5,6,3
51,0.5,7,4
51,0.5,8,10
51,0.5,9,24
51,0.5,10,45
51,0.5,11,66
51,0.5,12,87
51,0.5,13,83
51,0.5,14,77
51,0.5,15,49
51,0.5,16,28
51,0.5,17,23
51,0.5,18,10
51,0.5,19,3
51,0.75,9,1
51,0.75,10,7
51,0.75,11,20
51,0.75,12,27
51,0.75,13,50
51,0.75,14,76
51,0.75,15,107
51,0.75,16,121
51,0.75,17,111
51,0.75,18,100
51,0.75,19,67
51,0.75,20,43
51,0.75,21,22
51,0.75,22,9
51,0.75,23,6
51,0.75,24,1
51,1,16,1
51,1,17,1
51,1,18,3
51,1,19,4
51,1,20,10
51,1,21,17
51,1,22,24
51,1,23,37
51,1,24,57
51,1,25,90
51,1,26,144
51,1,27,138
51,1,28,116
51,1,29,87
51,1,30,82
51,1,31,83
51,1,32,56
51,1,33,38
51,1,34,24
51,1,35,11
51,1,36,1
52,0.25,7,7
52,0.25,8,13
52,0.25,9,27
52,0.25,10,45
52,0.25,11,47
52,0.25,12,43
52,0.25,13,34
52,0.25,14,25
52,0.25,15,11
52,0.25,16,3
52,0.25,17,1
52,0.5,9,1
52,0.5,10,5
52,0.5,11,12
52,0.5,12,28
52,0.5,13,54
52,0.5,14,70
52,0.5,15,67
52,0.5,16,58
52,0.5,17,74
52,0.5,18,56
52,0.5,19,34
52,0.5,20,23
52,0.5,21,16
52,0.5,22,8
52,0.5,23,5
52,0.5,24,1
52,0.75,11,1
52,0.75,12,4
52,0.75,13,6
52,0.75,14,9
52,0.75,15,29
52,0.75,16,54
52,0.75,17,80
52,0.75,18,89
52,0.75,19,97
52,0.75,20,81
52,0.75,21,84
52,0.75,22,73
52,0.75,23,52
52,0.75,24,33
52,0.75,25,24
52,0.75,26,20
52,0.75,27,16
52,0.75,28,10
52,0.75,29,5
52,0.75,30,1
52,1,22,1
52,1,23,3
52,1,24,12
52,1,25,17
52,1,26,29
52,1,27,31
52,1,28,41
52,1,29,68
52,1,30,95
52,1,31,98
52,1,32,94
52,1,33,93
52,1,34,98
52,1,35,94
52,1,36,82
52,1,37,74
52,1,38,51
52,1,39,25
52,1,40,11
52,1,41,5
52,1,43,1
52,1,44,1
53,0.25,5,1
53,0.25,6,2
53,0.25,7,2
53,0.25,8,4
53,0.25,9,12
53,0.25,10,26
53,0.25,11,44
53,0.25,12,49
53,0.25,13,43
53,0.25,14,30
53,0.25,15,16
53,0.25,16,13
53,0.25,17,6
53,0.25,18,6
53,0.25,19,2
53,0.5,10,1
53,0.5,11,7
53,0.5,12,11
53,0.5,13,23
53,0.5,14,47
53,0.5,15,62
53,0.5,16,69
53,0.5,17,69
53,0.5,18,73
53,0.5,19,57
53,0.5,20,43
53,0.5,21,24
53,0.5,22,14
53,0.5,23,7
53,0.5,24,4
53,0.5,25,1
53,0.75,12,3
53,0.75,13,5
53,0.75,14,9
53,0.75,15,27
53,0.75,16,34
53,0.75,17,48
53,0.75,18,62
53,0.75,19,84
53,0.75,20,96
53,0.75,21,105
53,0.75,22,103
53,0.75,23,75
53,0.75,24,58
53,0.75,25,32
53,0.75,26,15
53,0.75,27,8
53,0.75,28,2
53,0.75,29,1
53,0.75,30,1
53,1,20,5
53,1,21,7
53,1,22,17
53,1,23,33
53,1,24,46
53,1,25,56
53,1,26,68
53,1,27,96
53,1,28,93
53,1,29,114
53,1,30,129
53,1,31,114
53,1,32,92
53,1,33,75
53,1,34,46
53,1,35,19
53,1,36,9
53,1,37,4
53,1,38,1
54,0.25,5,2
54,0.25,6,4
54,0.25,7,10
54,0.25,8,25
54,0.25,9,50
54,0.25,10,55
54,0.25,11,40
54,0.25,12,27
54,0.25,13,20
54,0.25,14,15
54,0.25,15,5
54,0.25,16,2
54,0.25,17,1
54,0.5,7,2
54,0.5,8,2
54,0.5,9,7
54,0.5,10,23
54,0.5,11,34
54,0.5,12,57
54,0.5,13,73
54,0.5,14,81
54,0.5,15,75
54,0.5,16,57
54,0.5,17,46
54,0.5,18,30
54,0.5,19,13
54,0.5,20,6
54,0.5,21,3
54,0.5,22,2
54,0.5,23,1
54,0.75,9,1
54,0.75,10,4
54,0.75,11,2
54,0.75,12,4
54,0.75,13,23
54,0.75,14,38
54,0.75,15,41
54,0.75,16,60
54,0.75,17,93
54,0.75,18,113
54,0.75,19,96
54,0.75,20,89
54,0.75,21,80
54,0.75,22,54
54,0.75,23,34
54,0.75,24,20
54,0.75,25,12
54,0.75,26,4
54,1,18,4
54,1,19,4
54,1,20,9
54,1,21,28
54,1,22,53
54,1,23,56
54,1,24,72
54,1,25,89
54,1,26,96
54,1,27,118
54,1,28,128
54,1,29,119
54,1,30,93
54,1,31,58
54,1,32,31
54,1,33,23
54,1,34,23
54,1,35,12
54,1,36,7
54,1,37,1
55,0.25,2,2
55,0.25,3,4
55,0.25,4,3
55,0.25,5,7
55,0.25,6,17
55,0.25,7,27
55,0.25,8,36
55,0.25,9,42
55,0.25,10,41
55,0.25,11,34
55,0.25,12,27
55,0.25,13,12
55,0.25,14,3
55,0.25,15,1
55,0.5,7,2
55,0.5,8,3
55,0.5,9,13
55,0.5,10,32
55,0.5,11,52
55,0.5,12,65
55,0.5,13,77
55,0.5,14,83
55,0.5,15,71
55,0.5,16,43
55,0.5,17,32
55,0.5,18,19
55,0.5,19,12
55,0.5,20,4
55,0.5,21,3
55,0.5,22,1
55,0.75,10,1
55,0.75,11,8
55,0.75,12,15
55,0.75,13,20
55,0.75,14,42
55,0.75,15,74
55,0.75,16,92
55,0.75,17,97
55,0.75,18,103
55,0.75,19,96
55,0.75,20,85
55,0.75,21,63
55,0.75,22,31
55,0.75,23,18
55,0.75,24,8
55,0.75,25,10
55,0.75,26,4
55,0.75,27,1
55,1,15,1
55,1,16,1
55,1,17,4
55,1,18,8
55,1,19,20
55,1,20,32
55,1,21,57
55,1,22,76
55,1,23,99
55,1,24,89
55,1,25,101
55,1,26,96
55,1,27,101
55,1,28,106
55,1,29,80
55,1,30,59
55,1,31,44
55,1,32,23
55,1,33,14
55,1,34,5
55,1,35,4
55,1,36,2
55,1,37,2
56,0.25,3,1
56,0.25,4,3
56,0.25,5,5
56,0.25,6,4
56,0.25,7,10
56,0.25,8,15
56,0.25,9,24
56,0.25,10,37
56,0.25,11,53
56,0.25,12,46
56,0.25,13,27
56,0.25,14,19
56,0.25,15,9
56,0.25,16,3
56,0.5,3,1
56,0.5,6,1
56,0.5,9,2
56,0.5,10,9
56,0.5,11,22
56,0.5,12,32
56,0.5,13,51
56,0.5,14,62
56,0.5,15,69
56,0.5,16,65
56,0.5,17,76
56,0.5,18,43
56,0.5,19,42
56,0.5,20,20
56,0.5,21,14
56,0.5,22,3
56,0.75,9,1
56,0.75,10,3
56,0.75,11,6
56,0.75,12,7
56,0.75,13,11
56,0.75,14,24
56,0.75,15,31
56,0.75,16,41
56,0.75,17,54
56,0.75,18,75
56,0.75,19,92
56,0.75,20,97
56,0.75,21,110
56,0.75,22,101
56,0.75,23,50
56,0.75,24,31
56,0.75,25,18
56,0.75,26,12
56,0.75,27,4
56,1,22,1
56,1,23,3
56,1,24,7
56,1,25,11
56,1,26,29
56,1,27,45
56,1,28,41
56,1,29,64
56,1,30,70
56,1,31,86
56,1,32,77
56,1,33,70
56,1,34,82
56,1,35,82
56,1,36,71
56,1,37,66
56,1,38,68
56,1,39,62
56,1,40,48
56,1,41,16
56,1,42,12
56,1,43,10
56,1,44,3
57,0.25,1,1
57,0.25,2,3
57,0.25,3,3
57,0.25,4,4
57,0.25,5,12
57,0.25,6,17
57,0.25,7,27
57,0.25,8,30
57,0.25,9,43
57,0.25,10,40
57,0.25,11,35
57,0.25,12,23
57,0.25,13,12
57,0.25,14,4
57,0.25,15,2
57,0.5,4,1
57,0.5,7,3
57,0.5,8,9
57,0.5,9,18
57,0.5,10,24
57,0.5,11,42
57,0.5,12,54
57,0.5,13,54
57,0.5,14,99
57,0.5,15,92
57,0.5,16,48
57,0.5,17,26
57,0.5,18,16
57,0.5,19,14
57,0.5,20,7
57,0.5,21,4
57,0.5,22,1
57,0.75,9,1
57,0.75,10,4
57,0.75,11,7
57,0.75,12,17
57,0.75,13,34
57,0.75,14,36
57,0.75,15,56
57,0.75,16,74
57,0.75,17,89
57,0.75,18,103
57,0.75,19,98
57,0.75,20,82
57,0.75,21,67
57,0.75,22,37
57,0.75,23,34
57,0.75,24,20
57,0.75,25,7
57,0.75,26,2
57,1,15,1
57,1,16,2
57,1,17,6
57,1,18,8
57,1,19,11
57,1,20,16
57,1,21,29
57,1,22,36
57,1,23,62
57,1,24,79
57,1,25,90
57,1,26,105
57,1,27,126
57,1,28,121
57,1,29,123
57,1,30,78
57,1,31,53
57,1,32,37
57,1,33,16
57,1,34,14
57,1,35,8
57,1,36,3
58,0.25,3,1
58,0.25,4,4
58,0.25,5,6
58,0.25,6,20
58,0.25,7,27
58,0.25,8,36
58,0.25,9,34
58,0.25,10,33
58,0.25,11,26
58,0.25,12,26
58,0.25,13,20
58,0.25,14,14
58,0.25,15,8
58,0.25,16,1
58,0.5,5,1
58,0.5,6,1
58,0.5,7,1
58,0.5,8,5
58,0.5,9,15
58,0.5,10,26
58,0.5,11,39
58,0.5,12,57
58,0.5,13,69
58,0.5,14,72
58,0.5,15,73
58,0.5,16,62
58,0.5,17,41
58,0.5,18,27
58,0.5,19,13
58,0.5,20,6
58,0.5,21,3
58,0.5,22,1
58,0.75,9,4
58,0.75,10,4
58,0.75,11,8
58,0.75,12,13
58,0.75,13,27
58,0.75,14,44
58,0.75,15,46
58,0.75,16,76
58,0.75,17,99
58,0.75,18,111
58,0.75,19,86
58,0.75,20,75
58,0.75,21,52
58,0.75,22,45
58,0.75,23,36
58,0.75,24,25
58,0.75,25,13
58,0.75,26,3
58,0.75,27,1
58,1,17,2
58,1,18,7
58,1,19,20
58,1,20,15
58,1,21,27
58,1,22,44
58,1,23,72
58,1,24,92
58,1,25,84
58,1,26,98
58,1,27,110
58,1,28,100
58,1,29,95
58,1,30,78
58,1,31,75
58,1,32,50
58,1,33,32
58,1,34,13
58,1,35,7
58,1,36,3
59,0.25,2,3
59,0.25,3,2
59,0.25,4,2
59,0.25,5,6
59,0.25,6,9
59,0.25,7,15
59,0.25,8,37
59,0.25,9,50
59,0.25,10,49
59,0.25,11,31
59,0.25,12,26
59,0.25,13,15
59,0.25,14,8
59,0.25,15,3
59,0.5,5,1
59,0.5,6,1
59,0.5,9,6
59,0.5,10,14
59,0.5,11,40
59,0.5,12,66
59,0.5,13,88
59,0.5,14,97
59,0.5,15,71
59,0.5,16,46
59,0.5,17,36
59,0.5,18,26
59,0.5,19,14
59,0.5,20,6
59,0.75,10,1
59,0.75,11,4
59,0.75,12,8
59,0.75,13,23
59,0.75,14,50
59,0.75,15,65
59,0.75,16,83
59,0.75,17,88
59,0.75,18,112
59,0.75,19,97
59,0.75,20,87
59,0.75,21,62
59,0.75,22,41
59,0.75,23,25
59,0.75,24,16
59,0.75,25,5
59,0.75,26,1
59,1,18,1
59,1,19,9
59,1,20,15
59,1,21,15
59,1,22,32
59,1,23,43
59,1,24,64
59,1,25,103
59,1,26,135
59,1,27,121
59,1,28,118
59,1,29,103
59,1,30,94
59,1,31,71
59,1,32,49
59,1,33,32
59,1,34,13
59,1,35,4
59,1,36,2
60,0.25,5,1
60,0.25,6,5
60,0.25,7,7
60,0.25,8,9
60,0.25,9,18
60,0.25,10,17
60,0.25,11,23
60,0.25,12,32
60,0.25,13,45
60,0.25,14,43
60,0.25,15,37
60,0.25,16,14
60,0.25,17,3
60,0.25,18,1
60,0.25,19,1
60,0.5,8,2
60,0.5,9,3
60,0.5,10,6
60,0.5,11,14
60,0.5,12,15
60,0.5,13,19
60,0.5,14,33
60,0.5,15,50
60,0.5,16,63
60,0.5,17,69
60,0.5,18,86
60,0.5,19,62
60,0.5,20,52
60,0.5,21,30
60,0.5,22,6
60,0.5,23,1
60,0.5,24,1
60,0.75,12,1
60,0.75,13,6
60,0.75,14,15
60,0.75,15,21
60,0.75,16,36
60,0.75,17,49
60,0.75,18,63
60,0.75,19,86
60,0.75,20,96
60,0.75,21,103
60,0.75,22,102
60,0.75,23,86
60,0.75,24,54
60,0.75,25,34
60,0.75,26,14
60,0.75,27,2
60,1,19,1
60,1,20,5
60,1,21,8
60,1,22,13
60,1,23,17
60,1,24,25
60,1,25,44
60,1,26,49
60,1,27,51
60,1,28,71
60,1,29,91
60,1,30,95
60,1,31,103
60,1,32,106
60,1,33,105
60,1,34,91
60,1,35,76
60,1,36,46
60,1,37,16
60,1,38,7
60,1,39,3
60,1,40,1
61,0.25,2,2
61,0.25,3,1
61,0.25,4,1
61,0.25,5,6
61,0.25,6,11
61,0.25,7,14
61,0.25,8,35
61,0.25,9,53
61,0.25,10,62
61,0.25,11,38
61,0.25,12,24
61,0.25,13,6
61,0.25,14,3
61,0.5,6,1
61,0.5,7,2
61,0.5,8,2
61,0.5,9,6
61,0.5,10,16
61,0.5,11,44
61,0.5,12,74
61,0.5,13,93
61,0.5,14,89
61,0.5,15,73
61,0.5,16,54
61,0.5,17,25
61,0.5,18,17
61,0.5,19,8
61,0.5,20,6
61,0.5,21,2
61,0.75,9,1
61,0.75,10,4
61,0.75,11,12
61,0.75,12,17
61,0.75,13,34
61,0.75,14,50
61,0.75,15,82
61,0.75,16,103
61,0.75,17,122
61,0.75,18,115
61,0.75,19,81
61,0.75,20,58
61,0.75,21,50
61,0.75,22,20
61,0.75,23,11
61,0.75,24,6
61,0.75,25,2
61,1,16,2
61,1,17,3
61,1,18,4
61,1,19,2
61,1,20,14
61,1,21,34
61,1,22,67
61,1,23,73
61,1,24,81
61,1,25,104
61,1,26,131
61,1,27,126
61,1,28,106
61,1,29,82
61,1,30,67
61,1,31,51
61,1,32,35
61,1,33,23
61,1,34,9
61,1,35,8
61,1,36,2
62,0.25,4,3
62,0.25,5,6
62,0.25,6,18
62,0.25,7,22
62,0.25,8,22
62,0.25,9,44
62,0.25,10,44
62,0.25,11,41
62,0.25,12,30
62,0.25,13,15
62,0.25,14,9
62,0.25,15,2
62,0.5,8,1
62,0.5,9,9
62,0.5,10,16
62,0.5,11,30
62,0.5,12,37
62,0.5,13,58
62,0.5,14,79
62,0.5,15,90
62,0.5,16,85
62,0.5,17,57
62,0.5,18,29
62,0.5,19,15
62,0.5,20,5
62,0.5,21,1
62,0.75,10,1
62,0.75,11,4
62,0.75,12,9
62,0.75,13,22
62,0.75,14,43
62,0.75,15,63
62,0.75,16,80
62,0.75,17,109
62,0.75,18,114
62,0.75,19,107
62,0.75,20,91
62,0.75,21,66
62,0.75,22,33
62,0.75,23,20
62,0.75,24,5
62,0.75,25,1
62,1,18,1
62,1,19,5
62,1,20,10
62,1,21,15
62,1,22,24
62,1,23,45
62,1,24,53
62,1,25,75
62,1,26,102
62,1,27,90
62,1,28,86
62,1,29,124
62,1,30,127
62,1,31,102
62,1,32,82
62,1,33,46
62,1,34,22
62,1,35,6
62,1,36,6
62,1,37,2
62,1,38,1
63,0.25,5,4
63,0.25,6,8
63,0.25,7,11
63,0.25,8,29
63,0.25,9,45
63,0.25,10,52
63,0.25,11,41
63,0.25,12,30
63,0.25,13,19
63,0.25,14,10
63,0.25,15,6
63,0.25,16,1
63,0.5,8,2
63,0.5,9,8
63,0.5,10,16
63,0.5,11,27
63,0.5,12,50
63,0.5,13,69
63,0.5,14,79
63,0.5,15,89
63,0.5,16,69
63,0.5,17,57
63,0.5,18,28
63,0.5,19,13
63,0.5,20,4
63,0.5,21,1
63,0.75,10,3
63,0.75,11,4
63,0.75,12,11
63,0.75,13,20
63,0.75,14,35
63,0.75,15,53
63,0.75,16,60
63,0.75,17,93
63,0.75,18,121
63,0.75,19,121
63,0.75,20,99
63,0.75,21,65
63,0.75,22,39
63,0.75,23,23
63,0.75,24,16
63,0.75,25,5
63,1,16,1
63,1,18,1
63,1,19,1
63,1,20,4
63,1,21,10
63,1,22,19
63,1,23,31
63,1,24,48
63,1,25,73
63,1,26,94
63,1,27,116
63,1,28,109
63,1,29,121
63,1,30,117
63,1,31,113
63,1,32,75
63,1,33,46
63,1,34,29
63,1,35,11
63,1,36,4
63,1,37,1
64,0.25,3,1
64,0.25,4,1
64,0.25,5,2
64,0.25,6,4
64,0.25,7,12
64,0.25,8,21
64,0.25,9,35
64,0.25,10,49
64,0.25,11,44
64,0.25,12,36
64,0.25,13,29
64,0.25,14,17
64,0.25,15,4
64,0.25,16,1
64,0.5,8,1
64,0.5,9,5
64,0.5,10,11
64,0.5,11,19
64,0.5,12,33
64,0.5,13,52
64,0.5,14,56
64,0.5,15,75
64,0.5,16,85
64,0.5,17,81
64,0.5,18,49
64,0.5,19,26
64,0.5,20,18
64,0.5,21,1
64,0.75,12,4
64,0.75,13,13
64,0.75,14,30
64,0.75,15,50
64,0.75,16,61
64,0.75,17,66
64,0.75,18,93
64,0.75,19,102
64,0.75,20,110
64,0.75,21,101
64,0.75,22,71
64,0.75,23,44
64,0.75,24,17
64,0.75,25,6
64,1,16,2
64,1,17,3
64,1,18,7
64,1,19,16
64,1,20,39
64,1,21,76
64,1,22,79
64,1,23,72
64,1,24,90
64,1,25,106
64,1,26,111
64,1,27,97
64,1,28,95
64,1,29,97
64,1,30,74
64,1,31,39
64,1,32,16
64,1,33,4
64,1,34,1
65,0.25,5,3
65,0.25,6,6
65,0.25,7,10
65,0.25,8,14
65,0.25,9,25
65,0.25,10,27
65,0.25,11,42
65,0.25,12,42
65,0.25,13,38
65,0.25,14,26
65,0.25,15,16
65,0.25,16,7
65,0.5,10,2
65,0.5,11,10
65,0.5,12,32
65,0.5,13,46
65,0.5,14,75
65,0.5,15,85
65,0.5,16,70
65,0.5,17,67
65,0.5,18,63
65,0.5,19,32
65,0.5,20,19
65,0.5,21,10
65,0.5,22,1
65,0.75,12,2
65,0.75,13,7
65,0.75,14,15
65,0.75,15,36
65,0.75,16,55
65,0.75,17,74
65,0.75,18,94
65,0.75,19,123
65,0.75,20,89
65,0.75,21,80
65,0.75,22,70
65,0.75,23,52
65,0.75,24,36
65,0.75,25,21
65,0.75,26,9
65,0.75,27,4
65,0.75,28,1
65,1,21,2
65,1,22,1
65,1,23,4
65,1,24,6
65,1,25,24
65,1,26,61
65,1,27,98
65,1,28,105
65,1,29,113
65,1,30,126
65,1,31,106
65,1,32,104
65,1,33,85
65,1,34,57
65,1,35,48
65,1,36,34
65,1,37,15
65,1,38,9
65,1,39,9
65,1,40,10
65,1,41,5
65,1,42,2
66,0.25,3,1
66,0.25,4,3
66,0.25,5,6
66,0.25,6,10
66,0.25,7,16
66,0.25,8,19
66,0.25,9,36
66,0.25,10,47
66,0.25,11,51
66,0.25,12,40
66,0.25,13,19
66,0.25,14,8
66,0.5,7,2
66,0.5,8,2
66,0.5,9,11
66,0.5,10,16
66,0.5,11,23
66,0.5,12,42
66,0.5,13,59
66,0.5,14,87
66,0.5,15,87
66,0.5,16,83
66,0.5,17,51
66,0.5,18,32
66,0.5,19,13
66,0.5,20,3
66,0.5,21,1
66,0.75,9,1
66,0.75,10,2
66,0.75,11,3
66,0.75,12,7
66,0.75,13,16
66,0.75,14,27
66,0.75,15,46
66,0.75,16,68
66,0.75,17,108
66,0.75,18,109
66,0.75,19,117
66,0.75,20,90
66,0.75,21,76
66,0.75,22,65
66,0.75,23,24
66,0.75,24,6
66,0.75,25,1
66,0.75,26,2
66,1,19,2
66,1,20,5
66,1,21,10
66,1,22,18
66,1,23,28
66,1,24,43
66,1,25,57
66,1,26,63
66,1,27,94
66,1,28,114
66,1,29,125
66,1,30,135
66,1,31,120
66,1,32,98
66,1,33,61
66,1,34,27
66,1,35,14
66,1,36,7
66,1,37,1
66,1,38,1
66,1,39,1
67,0.25,5,2
67,0.25,6,7
67,0.25,7,14
67,0.25,8,23
67,0.25,9,31
67,0.25,10,47
67,0.25,11,53
67,0.25,12,41
67,0.25,13,30
67,0.25,14,7
67,0.25,15,1
67,0.5,7,1
67,0.5,8,3
67,0.5,9,7
67,0.5,10,16
67,0.5,11,28
67,0.5,12,50
67,0.5,13,71
67,0.5,14,81
67,0.5,15,80
67,0.5,16,63
67,0.5,17,48
67,0.5,18,32
67,0.5,19,20
67,0.5,20,10
67,0.5,21,2
67,0.75,10,1
67,0.75,11,3
67,0.75,12,13
67,0.75,13,23
67,0.75,14,51
67,0.75,15,61
67,0.75,16,84
67,0.75,17,114
67,0.75,18,117
67,0.75,19,104
67,0.75,20,76
67,0.75,21,52
67,0.75,22,35
67,0.75,23,26
67,0.75,24,6
67,0.75,25,2
67,1,16,1
67,1,17,5
67,1,18,6
67,1,19,9
67,1,20,14
67,1,21,26
67,1,22,59
67,1,23,82
67,1,24,103
67,1,25,123
67,1,26,116
67,1,27,113
67,1,28,125
67,1,29,105
67,1,30,58
67,1,31,42
67,1,32,26
67,1,33,7
67,1,34,3
67,1,35,1
68,0.25,4,2
68,0.25,5,3
68,0.25,6,8
68,0.25,7,26
68,0.25,8,40
68,0.25,9,42
68,0.25,10,44
68,0.25,11,42
68,0.25,12,29
68,0.25,13,17
68,0.25,14,3
68,0.5,6,1
68,0.5,7,1
68,0.5,8,3
68,0.5,9,13
68,0.5,10,18
68,0.5,11,33
68,0.5,12,51
68,0.5,13,76
68,0.5,14,83
68,0.5,15,69
68,0.5,16,56
68,0.5,17,52
68,0.5,18,33
68,0.5,19,15
68,0.5,20,7
68,0.5,21,1
68,0.75,8,1
68,0.75,9,3
68,0.75,10,3
68,0.75,11,8
68,0.75,12,16
68,0.75,13,20
68,0.75,14,49
68,0.75,15,73
68,0.75,16,91
68,0.75,17,95
68,0.75,18,91
68,0.75,19,99
68,0.75,20,79
68,0.75,21,57
68,0.75,22,46
68,0.75,23,23
68,0.75,24,8
68,0.75,25,4
68,0.75,26,2
68,1,16,2
68,1,17,2
68,1,18,2
68,1,19,1
68,1,20,1
68,1,21,7
68,1,22,21
68,1,23,51
68,1,24,68
68,1,25,90
68,1,26,88
68,1,27,108
68,1,28,116
68,1,29,112
68,1,30,100
68,1,31,85
68,1,32,58
68,1,33,41
68,1,34,27
68,1,35,20
68,1,36,20
68,1,37,3
68,1,38,1
69,0.25,5,3
69,0.25,6,6
69,0.25,7,19
69,0.25,8,35
69,0.25,9,41
69,0.25,10,40
69,0.25,11,30
69,0.25,12,34
69,0.25,13,31
69,0.25,14,15
69,0.25,15,2
69,0.5,8,3
69,0.5,9,7
69,0.5,10,19
69,0.5,11,51
69,0.5,12,59
69,0.5,13,63
69,0.5,14,67
69,0.5,15,74
69,0.5,16,78
69,0.5,17,57
69,0.5,18,24
69,0.5,19,8
69,0.5,20,2
69,0.75,11,1
69,0.75,12,6
69,0.75,13,38
69,0.75,14,62
69,0.75,15,79
69,0.75,16,89
69,0.75,17,104
69,0.75,18,118
69,0.75,19,108
69,0.75,20,83
69,0.75,21,43
69,0.75,22,23
69,0.75,23,11
69,0.75,24,3
69,1,19,1
69,1,20,4
69,1,21,3
69,1,22,6
69,1,23,32
69,1,24,58
69,1,25,79
69,1,26,89
69,1,27,117
69,1,28,132
69,1,29,114
69,1,30,105
69,1,31,95
69,1,32,65
69,1,33,44
69,1,34,27
69,1,35,19
69,1,36,12
69,1,37,16
69,1,38,5
69,1,39,1
70,0.25,2,1
70,0.25,3,3
70,0.25,4,5
70,0.25,5,8
70,0.25,6,12
70,0.25,7,16
70,0.25,8,27
70,0.25,9,36
70,0.25,10,43
70,0.25,11,35
70,0.25,12,25
70,0.25,13,19
70,0.25,14,15
70,0.25,15,8
70,0.25,16,3
70,0.5,4,1
70,0.5,5,2
70,0.5,6,4
70,0.5,7,6
70,0.5,8,11
70,0.5,9,9
70,0.5,10,23
70,0.5,11,37
70,0.5,12,53
70,0.5,13,64
70,0.5,14,74
70,0.5,15,73
70,0.5,16,52
70,0.5,17,41
70,0.5,18,35
70,0.5,19,18
70,0.5,20,6
70,0.5,21,3
70,0.75,9,1
70,0.75,10,1
70,0.75,11,10
70,0.75,12,17
70,0.75,13,33
70,0.75,14,54
70,0.75,15,74
70,0.75,16,87
70,0.75,17,101
70,0.75,18,97
70,0.75,19,94
70,0.75,20,73
70,0.75,21,55
70,0.75,22,42
70,0.75,23,19
70,0.75,24,7
70,0.75,25,3
70,1,17,2
70,1,18,4
70,1,19,5
70,1,20,5
70,1,21,9
70,1,22,28
70,1,23,45
70,1,24,87
70,1,25,109
70,1,26,136
70,1,27,138
70,1,28,115
70,1,29,94
70,1,30,83
70,1,31,73
70,1,32,49
70,1,33,20
70,1,34,9
70,1,35,8
70,1,36,2
70,1,37,2
70,1,38,1
71,0.25,3,1
71,0.25,4,1
71,0.25,6,2
71,0.25,7,11
71,0.25,8,23
71,0.25,9,34
71,0.25,10,40
71,0.25,11,33
71,0.25,12,30
71,0.25,13,31
71,0.25,14,27
71,0.25,15,14
71,0.25,16,6
71,0.25,17,2
71,0.25,18,1
71,0.5,10,5
71,0.5,11,17
71,0.5,12,37
71,0.5,13,52
71,0.5,14,70
71,0.5,15,66
71,0.5,16,65
71,0.5,17,56
71,0.5,18,48
71,0.5,19,43
71,0.5,20,32
71,0.5,21,15
71,0.5,22,4
71,0.5,23,2
71,0.75,12,3
71,0.75,13,7
71,0.75,14,26
71,0.75,15,58
71,0.75,16,82
71,0.75,17,100
71,0.75,18,103
71,0.75,19,92
71,0.75,20,68
71,0.75,21,68
71,0.75,22,68
71,0.75,23,43
71,0.75,24,29
71,0.75,25,14
71,0.75,26,5
71,0.75,27,2
71,1,19,1
71,1,20,8
71,1,21,10
71,1,22,15
71,1,23,33
71,1,24,39
71,1,25,74
71,1,26,95
71,1,27,97
71,1,28,101
71,1,29,112
71,1,30,118
71,1,31,84
71,1,32,71
71,1,33,48
71,1,34,41
71,1,35,27
71,1,36,25
71,1,37,15
71,1,38,7
71,1,39,3
72,0.25,5,1
72,0.25,6,2
72,0.25,7,11
72,0.25,8,19
72,0.25,9,32
72,0.25,10,36
72,0.25,11,43
72,0.25,12,30
72,0.25,13,33
72,0.25,14,18
72,0.25,15,16
72,0.25,16,8
72,0.25,17,6
72,0.25,18,1
72,0.5,8,3
72,0.5,9,11
72,0.5,10,19
72,0.5,11,25
72,0.5,12,31
72,0.5,13,44
72,0.5,14,48
72,0.5,15,51
72,0.5,16,51
72,0.5,17,51
72,0.5,18,61
72,0.5,19,48
72,0.5,20,34
72,0.5,21,20
72,0.5,22,12
72,0.5,23,3
72,0.75,9,1
72,0.75,10,3
72,0.75,11,3
72,0.75,12,10
72,0.75,13,28
72,0.75,14,44
72,0.75,15,61
72,0.75,16,59
72,0.75,17,53
72,0.75,18,59
72,0.75,19,69
72,0.75,20,75
72,0.75,21,72
72,0.75,22,75
72,0.75,23,63
72,0.75,24,37
72,0.75,25,25
72,0.75,26,16
72,0.75,27,11
72,0.75,28,4
72,1,17,1
72,1,18,9
72,1,19,13
72,1,20,23
72,1,21,39
72,1,22,38
72,1,23,51
72,1,24,70
72,1,25,82
72,1,26,95
72,1,27,91
72,1,28,115
72,1,29,102
72,1,30,90
72,1,31,75
72,1,32,53
72,1,33,32
72,1,34,24
72,1,35,13
72,1,36,6
72,1,37,1
72,1,38,1
73,0.25,5,2
73,0.25,6,5
73,0.25,7,17
73,0.25,8,22
73,0.25,9,35
73,0.25,10,47
73,0.25,11,40
73,0.25,12,34
73,0.25,13,24
73,0.25,14,13
73,0.25,15,10
73,0.25,16,5
73,0.25,17,2
73,0.5,6,1
73,0.5,7,3
73,0.5,8,2
73,0.5,9,6
73,0.5,10,10
73,0.5,11,17
73,0.5,12,55
73,0.5,13,83
73,0.5,14,72
73,0.5,15,76
73,0.5,16,55
73,0.5,17,49
73,0.5,18,40
73,0.5,19,25
73,0.5,20,13
73,0.5,21,4
73,0.5,22,1
73,0.75,9,1
73,0.75,10,2
73,0.75,11,7
73,0.75,12,7
73,0.75,13,13
73,0.75,14,33
73,0.75,15,62
73,0.75,16,105
73,0.75,17,115
73,0.75,18,93
73,0.75,19,92
73,0.75,20,85
73,0.75,21,67
73,0.75,22,42
73,0.75,23,25
73,0.75,24,12
73,0.75,25,7
73,1,17,3
73,1,18,6
73,1,19,6
73,1,20,11
73,1,21,32
73,1,22,44
73,1,23,71
73,1,24,79
73,1,25,110
73,1,26,120
73,1,27,126
73,1,28,102
73,1,29,78
73,1,30,79
73,1,31,72
73,1,32,45
73,1,33,19
73,1,34,11
73,1,35,6
73,1,36,3
73,1,37,1
74,0.25,5,1
74,0.25,6,5
74,0.25,7,11
74,0.25,8,11
74,0.25,9,24
74,0.25,10,36
74,0.25,11,44
74,0.25,12,44
74,0.25,13,39
74,0.25,14,27
74,0.25,15,11
74,0.25,16,2
74,0.25,17,1
74,0.5,8,2
74,0.5,9,4
74,0.5,10,6
74,0.5,11,11
74,0.5,12,13
74,0.5,13,21
74,0.5,14,45
74,0.5,15,58
74,0.5,16,65
74,0.5,17,79
74,0.5,18,89
74,0.5,19,56
74,0.5,20,29
74,0.5,21,17
74,0.5,22,11
74,0.5,23,4
74,0.5,24,2
74,0.75,11,1
74,0.75,12,4
74,0.75,13,5
74,0.75,14,9
74,0.75,15,19
74,0.75,16,26
74,0.75,17,40
74,0.75,18,47
74,0.75,19,81
74,0.75,20,116
74,0.75,21,123
74,0.75,22,114
74,0.75,23,77
74,0.75,24,46
74,0.75,25,29
74,0.75,26,18
74,0.75,27,8
74,0.75,28,4
74,0.75,29,1
74,1,20,1
74,1,21,2
74,1,22,6
74,1,23,20
74,1,24,47
74,1,25,58
74,1,26,57
74,1,27,64
74,1,28,93
74,1,29,123
74,1,30,118
74,1,31,110
74,1,32,97
74,1,33,92
74,1,34,54
74,1,35,38
74,1,36,23
74,1,37,16
74,1,38,5
75,0.25,3,1
75,0.25,4,1
75,0.25,5,3
75,0.25,6,7
75,0.25,7,14
75,0.25,8,23
75,0.25,9,27
75,0.25,10,39
75,0.25,11,36
75,0.25,12,42
75,0.25,13,34
75,0.25,14,16
75,0.25,15,8
75,0.25,16,4
75,0.25,17,1
75,0.5,6,1
75,0.5,7,1
75,0.5,8,4
75,0.5,9,6
75,0.5,10,13
75,0.5,11,20
75,0.5,12,28
75,0.5,13,42
75,0.5,14,67
75,0.5,15,71
75,0.5,16,80
75,0.5,17,71
75,0.5,18,53
75,0.5,19,34
75,0.5,20,17
75,0.5,21,3
75,0.5,22,1
75,0.75,9,1
75,0.75,10,6
75,0.75,11,14
75,0.75,12,12
75,0.75,13,15
75,0.75,14,28
75,0.75,15,53
75,0.75,16,64
75,0.75,17,81
75,0.75,18,86
75,0.75,19,105
75,0.75,20,115
75,0.75,21,86
75,0.75,22,50
75,0.75,23,36
75,0.75,24,11
75,0.75,25,4
75,0.75,26,1
75,1,16,2
75,1,17,2
75,1,18,5
75,1,19,4
75,1,20,7
75,1,21,8
75,1,22,15
75,1,23,22
75,1,24,46
75,1,25,56
75,1,26,63
75,1,27,86
75,1,28,114
75,1,29,133
75,1,30,131
75,1,31,100
75,1,32,91
75,1,33,68
75,1,34,37
75,1,35,17
75,1,36,9
75,1,37,4
75,1,38,2
75,1,39,1
75,1,40,1
76,0.25,6,1
76,0.25,7,1
76,0.25,8,12
76,0.25,9,23
76,0.25,10,41
76,0.25,11,40
76,0.25,12,40
76,0.25,13,36
76,0.25,14,26
76,0.25,15,21
76,0.25,16,9
76,0.25,17,4
76,0.25,18,2
76,0.5,9,3
76,0.5,10,7
76,0.5,11,13
76,0.5,12,32
76,0.5,13,51
76,0.5,14,58
76,0.5,15,72
76,0.5,16,76
76,0.5,17,62
76,0.5,18,52
76,0.5,19,44
76,0.5,20,26
76,0.5,21,7
76,0.5,22,3
76,0.5,23,4
76,0.5,24,2
76,0.75,10,1
76,0.75,13,4
76,0.75,14,18
76,0.75,15,26
76,0.75,16,49
76,0.75,17,60
76,0.75,18,82
76,0.75,19,108
76,0.75,20,105
76,0.75,21,89
76,0.75,22,74
76,0.75,23,62
76,0.75,24,53
76,0.75,25,25
76,0.75,26,6
76,0.75,27,6
76,1,17,1
76,1,18,5
76,1,19,9
76,1,20,7
76,1,21,21
76,1,22,26
76,1,23,34
76,1,24,43
76,1,25,44
76,1,26,49
76,1,27,77
76,1,28,111
76,1,29,126
76,1,30,110
76,1,31,94
76,1,32,93
76,1,33,75
76,1,34,38
76,1,35,27
76,1,36,16
76,1,37,9
76,1,38,6
76,1,39,2
76,1,40,1
77,0.25,4,1
77,0.25,5,1
77,0.25,6,3
77,0.25,7,6
77,0.25,8,11
77,0.25,9,23
77,0.25,10,37
77,0.25,11,44
77,0.25,12,56
77,0.25,13,41
77,0.25,14,24
77,0.25,15,8
77,0.25,16,1
77,0.5,7,1
77,0.5,8,1
77,0.5,9,4
77,0.5,10,7
77,0.5,11,17
77,0.5,12,28
77,0.5,13,46
77,0.5,14,69
77,0.5,15,93
77,0.5,16,94
77,0.5,17,64
77,0.5,18,44
77,0.5,19,24
77,0.5,20,15
77,0.5,21,5
77,0.75,12,4
77,0.75,13,9
77,0.75,14,24
77,0.75,15,34
77,0.75,16,47
77,0.75,17,71
77,0.75,18,92
77,0.75,19,85
77,0.75,20,108
77,0.75,21,89
77,0.75,22,77
77,0.75,23,56
77,0.75,24,38
77,0.75,25,25
77,0.75,26,8
77,0.75,27,1
77,1,19,2
77,1,20,7
77,1,21,25
77,1,22,52
77,1,23,67
77,1,24,69
77,1,25,88
77,1,26,95
77,1,27,92
77,1,28,113
77,1,29,112
77,1,30,79
77,1,31,58
77,1,32,60
77,1,33,48
77,1,34,28
77,1,35,17
77,1,36,9
77,1,37,1
77,1,38,1
77,1,39,1
78,0.25,2,1
78,0.25,3,4
78,0.25,4,6
78,0.25,5,10
78,0.25,6,17
78,0.25,7,23
78,0.25,8,27
78,0.25,9,35
78,0.25,10,43
78,0.25,11,38
78,0.25,12,28
78,0.25,13,14
78,0.25,14,7
78,0.25,15,3
78,0.5,8,4
78,0.5,9,4
78,0.5,10,22
78,0.5,11,34
78,0.5,12,54
78,0.5,13,64
78,0.5,14,84
78,0.5,15,75
78,0.5,16,61
78,0.5,17,42
78,0.5,18,35
78,0.5,19,20
78,0.5,20,10
78,0.5,21,3
78,0.75,11,3
78,0.75,12,5
78,0.75,13,30
78,0.75,14,47
78,0.75,15,58
78,0.75,16,91
78,0.75,17,87
78,0.75,18,112
78,0.75,19,102
78,0.75,20,85
78,0.75,21,55
78,0.75,22,41
78,0.75,23,31
78,0.75,24,14
78,0.75,25,5
78,0.75,26,2
78,1,18,5
78,1,19,8
78,1,20,9
78,1,21,23
78,1,22,38
78,1,23,49
78,1,24,64
78,1,25,82
78,1,26,94
78,1,27,86
78,1,28,103
78,1,29,99
78,1,30,88
78,1,31,82
78,1,32,80
78,1,33,53
78,1,34,34
78,1,35,19
78,1,36,5
78,1,37,1
78,1,38,1
78,1,39,1
79,0.25,2,1
79,0.25,3,1
79,0.25,5,4
79,0.25,6,5
79,0.25,7,18
79,0.25,8,37
79,0.25,9,44
79,0.25,10,49
79,0.25,11,53
79,0.25,12,30
79,0.25,13,11
79,0.25,14,2
79,0.25,15,1
79,0.5,7,1
79,0.5,9,3
79,0.5,10,11
79,0.5,11,30
79,0.5,12,30
79,0.5,13,58
79,0.5,14,94
79,0.5,15,81
79,0.5,16,61
79,0.5,17,65
79,0.5,18,44
79,0.5,19,22
79,0.5,20,9
79,0.5,21,3
79,0.75,12,3
79,0.75,13,17
79,0.75,14,34
79,0.75,15,36
79,0.75,16,63
79,0.75,17,85
79,0.75,18,101
79,0.75,19,100
79,0.75,20,109
79,0.75,21,104
79,0.75,22,70
79,0.75,23,34
79,0.75,24,11
79,0.75,25,1
79,1,20,1
79,1,21,3
79,1,22,9
79,1,23,14
79,1,24,19
79,1,25,29
79,1,26,37
79,1,27,48
79,1,28,60
79,1,29,92
79,1,30,122
79,1,31,124
79,1,32,120
79,1,33,81
79,1,34,73
79,1,35,75
79,1,36,62
79,1,37,30
79,1,38,15
79,1,39,5
79,1,40,2
79,1,41,2
79,1,42,1
80,0.25,4,2
80,0.25,5,2
80,0.25,6,15
80,0.25,7,20
80,0.25,8,24
80,0.25,9,39
80,0.25,10,55
80,0.25,11,31
80,0.25,12,27
80,0.25,13,23
80,0.25,14,14
80,0.25,15,3
80,0.25,16,1
80,0.5,6,2
80,0.5,7,2
80,0.5,8,3
80,0.5,9,6
80,0.5,10,11
80,0.5,11,25
80,0.5,12,52
80,0.5,13,63
80,0.5,14,68
80,0.5,15,66
80,0.5,16,57
80,0.5,17,44
80,0.5,18,52
80,0.5,19,41
80,0.5,20,14
80,0.5,21,3
80,0.5,22,1
80,0.5,23,1
80,0.5,24,1
80,0.75,7,1
80,0.75,8,1
80,0.75,9,1
80,0.75,10,4
80,0.75,11,5
80,0.75,12,5
80,0.75,13,10
80,0.75,14,20
80,0.75,15,41
80,0.75,16,68
80,0.75,17,91
80,0.75,18,107
80,0.75,19,82
80,0.75,20,97
80,0.75,21,84
80,0.75,22,59
80,0.75,23,42
80,0.75,24,25
80,0.75,25,14
80,0.75,26,7
80,0.75,27,4
80,1,18,2
80,1,19,6
80,1,20,6
80,1,21,5
80,1,22,7
80,1,23,13
80,1,24,17
80,1,25,24
80,1,26,38
80,1,27,49
80,1,28,90
80,1,29,100
80,1,30,105
80,1,31,109
80,1,32,115
80,1,33,103
80,1,34,69
80,1,35,47
80,1,36,37
80,1,37,28
80,1,38,18
80,1,39,13
80,1,40,11
80,1,41,8
80,1,42,1
80,1,43,2
80,1,44,1
81,0.25,5,3
81,0.25,6,6
81,0.25,7,6
81,0.25,8,10
81,0.25,9,26
81,0.25,10,50
81,0.25,11,49
81,0.25,12,38
81,0.25,13,22
81,0.25,14,23
81,0.25,15,13
81,0.25,16,6
81,0.25,17,4
81,0.5,8,3
81,0.5,9,5
81,0.5,10,7
81,0.5,11,10
81,0.5,12,23
81,0.5,13,40
81,0.5,14,55
81,0.5,15,62
81,0.5,16,72
81,0.5,17,77
81,0.5,18,61
81,0.5,19,39
81,0.5,20,30
81,0.5,21,15
81,0.5,22,6
81,0.5,23,6
81,0.5,24,1
81,0.75,11,2
81,0.75,12,4
81,0.75,13,1
81,0.75,14,11
81,0.75,15,22
81,0.75,16,34
81,0.75,17,58
81,0.75,18,73
81,0.75,19,85
81,0.75,20,100
81,0.75,21,97
81,0.75,22,94
81,0.75,23,69
81,0.75,24,45
81,0.75,25,27
81,0.75,26,21
81,0.75,27,17
81,0.75,28,7
81,0.75,30,1
81,1,19,1
81,1,20,4
81,1,21,8
81,1,22,14
81,1,23,28
81,1,24,42
81,1,25,62
81,1,26,81
81,1,27,81
81,1,28,104
81,1,29,108
81,1,30,111
81,1,31,96
81,1,32,84
81,1,33,60
81,1,34,41
81,1,35,32
81,1,36,26
81,1,37,21
81,1,38,8
81,1,39,6
81,1,40,5
81,1,41,1
82,0.25,0,1
82,0.25,4,1
82,0.25,6,3
82,0.25,7,17
82,0.25,8,34
82,0.25,9,46
82,0.25,10,46
82,0.25,11,40
82,0.25,12,32
82,0.25,13,22
82,0.25,14,11
82,0.25,15,3
82,0.5,7,1
82,0.5,8,4
82,0.5,9,9
82,0.5,10,12
82,0.5,11,16
82,0.5,12,43
82,0.5,13,66
82,0.5,14,88
82,0.5,15,84
82,0.5,16,68
82,0.5,17,52
82,0.5,18,40
82,0.5,19,19
82,0.5,20,7
82,0.5,21,3
82,0.75,9,2
82,0.75,10,2
82,0.75,11,5
82,0.75,12,9
82,0.75,13,15
82,0.75,14,40
82,0.75,15,54
82,0.75,16,76
82,0.75,17,73
82,0.75,18,96
82,0.75,19,114
82,0.75,20,93
82,0.75,21,71
82,0.75,22,55
82,0.75,23,41
82,0.75,24,19
82,0.75,25,2
82,0.75,26,1
82,1,18,4
82,1,19,5
82,1,20,11
82,1,21,14
82,1,22,23
82,1,23,32
82,1,24,47
82,1,25,68
82,1,26,83
82,1,27,106
82,1,28,114
82,1,29,107
82,1,30,112
82,1,31,92
82,1,32,71
82,1,33,62
82,1,34,36
82,1,35,24
82,1,36,10
82,1,37,3
83,0.25,5,2
83,0.25,6,6
83,0.25,7,6
83,0.25,8,13
83,0.25,9,17
83,0.25,10,34
83,0.25,11,45
83,0.25,12,48
83,0.25,13,47
83,0.25,14,24
83,0.25,15,10
83,0.25,16,4
83,0.5,7,1
83,0.5,8,3
83,0.5,9,1
83,0.5,11,5
83,0.5,12,6
83,0.5,13,17
83,0.5,14,35
83,0.5,15,50
83,0.5,16,85
83,0.5,17,106
83,0.5,18,90
83,0.5,19,68
83,0.5,20,35
83,0.5,21,10
83,0.75,12,5
83,0.75,13,3
83,0.75,14,3
83,0.75,15,9
83,0.75,16,22
83,0.75,17,45
83,0.75,18,67
83,0.75,19,84
83,0.75,20,93
83,0.75,21,108
83,0.75,22,115
83,0.75,23,102
83,0.75,24,66
83,0.75,25,30
83,0.75,26,13
83,0.75,27,3
83,1,23,5
83,1,24,11
83,1,25,19
83,1,26,31
83,1,27,52
83,1,28,57
83,1,29,90
83,1,30,122
83,1,31,121
83,1,32,113
83,1,33,119
83,1,34,113
83,1,35,80
83,1,36,52
83,1,37,25
83,1,38,10
83,1,39,3
83,1,42,1
84,0.25,1,1
84,0.25,2,1
84,0.25,3,2
84,0.25,4,5
84,0.25,5,3
84,0.25,6,4
84,0.25,7,16
84,0.25,8,20
84,0.25,9,28
84,0.25,10,36
84,0.25,11,52
84,0.25,12,42
84,0.25,13,24
84,0.25,14,16
84,0.25,15,5
84,0.25,16,1
84,0.5,7,2
84,0.5,8,1
84,0.5,9,3
84,0.5,10,6
84,0.5,11,24
84,0.5,12,35
84,0.5,13,57
84,0.5,14,71
84,0.5,15,80
84,0.5,16,71
84,0.5,17,71
84,0.5,18,42
84,0.5,19,26
84,0.5,20,15
84,0.5,21,5
84,0.5,22,2
84,0.5,23,1
84,0.75,9,1
84,0.75,10,2
84,0.75,11,3
84,0.75,12,6
84,0.75,13,13
84,0.75,14,21
84,0.75,15,49
84,0.75,16,71
84,0.75,17,98
84,0.75,18,114
84,0.75,19,105
84,0.75,20,86
84,0.75,21,71
84,0.75,22,56
84,0.75,23,32
84,0.75,24,22
84,0.75,25,12
84,0.75,26,5
84,0.75,27,1
84,1,15,1
84,1,16,3
84,1,17,5
84,1,18,3
84,1,19,7
84,1,20,10
84,1,21,12
84,1,22,36
84,1,23,56
84,1,24,60
84,1,25,78
84,1,26,96
84,1,27,118
84,1,28,112
84,1,29,128
84,1,30,94
84,1,31,75
84,1,32,52
84,1,33,21
84,1,34,22
84,1,35,19
84,1,36,11
84,1,37,4
84,1,38,1
85,0.25,6,6
85,0.25,7,12
85,0.25,8,17
85,0.25,9,31
85,0.25,10,34
85,0.25,11,38
85,0.25,12,44
85,0.25,13,31
85,0.25,14,15
85,0.25,15,16
85,0.25,16,10
85,0.25,17,2
85,0.5,9,9
85,0.5,10,9
85,0.5,11,18
85,0.5,12,28
85,0.5,13,49
85,0.5,14,58
85,0.5,15,72
85,0.5,16,86
85,0.5,17,77
85,0.5,18,45
85,0.5,19,25
85,0.5,20,25
85,0.5,21,9
85,0.5,22,2
85,0.75,10,2
85,0.75,11,2
85,0.75,12,6
85,0.75,13,13
85,0.75,14,16
85,0.75,15,32
85,0.75,16,46
85,0.75,17,70
85,0.75,18,101
85,0.75,19,105
85,0.75,20,132
85,0.75,21,118
85,0.75,22,68
85,0.75,23,35
85,0.75,24,15
85,0.75,25,5
85,0.75,26,2
85,1,17,2
85,1,18,5
85,1,19,14
85,1,20,18
85,1,21,26
85,1,22,35
85,1,23,44
85,1,24,70
85,1,25,96
85,1,26,111
85,1,27,133
85,1,28,123
85,1,29,122
85,1,30,100
85,1,31,63
85,1,32,33
85,1,33,16
85,1,34,5
85,1,35,5
85,1,36,2
85,1,37,1
86,0.25,6,5
86,0.25,7,8
86,0.25,8,15
86,0.25,9,24
86,0.25,10,29
86,0.25,11,37
86,0.25,12,43
86,0.25,13,35
86,0.25,14,27
86,0.25,15,11
86,0.25,16,12
86,0.25,17,7
86,0.25,18,3
86,0.5,7,1
86,0.5,9,4
86,0.5,10,8
86,0.5,11,21
86,0.5,12,35
86,0.5,13,37
86,0.5,14,57
86,0.5,15,75
86,0.5,16,78
86,0.5,17,53
86,0.5,18,52
86,0.5,19,33
86,0.5,20,22
86,0.5,21,21
86,0.5,22,10
86,0.5,23,4
86,0.5,24,1
86,0.75,11,1
86,0.75,12,6
86,0.75,13,16
86,0.75,14,19
86,0.75,15,35
86,0.75,16,51
86,0.75,17,63
86,0.75,18,74
86,0.75,19,89
86,0.75,20,92
86,0.75,21,104
86,0.75,22,87
86,0.75,23,55
86,0.75,24,32
86,0.75,25,21
86,0.75,26,15
86,0.75,27,5
86,0.75,28,3
86,1,19,3
86,1,20,9
86,1,21,21
86,1,22,29
86,1,23,37
86,1,24,34
86,1,25,50
86,1,26,85
86,1,27,106
86,1,28,111
86,1,29,102
86,1,30,108
86,1,31,94
86,1,32,75
86,1,33,55
86,1,34,52
86,1,35,29
86,1,36,14
86,1,37,5
86,1,38,3
86,1,39,2
87,0.25,4,1
87,0.25,5,4
87,0.25,6,8
87,0.25,7,19
87,0.25,8,39
87,0.25,9,49
87,0.25,10,46
87,0.25,11,34
87,0.25,12,25
87,0.25,13,18
87,0.25,14,10
87,0.25,15,3
87,0.5,8,5
87,0.5,9,10
87,0.5,10,16
87,0.5,11,30
87,0.5,12,53
87,0.5,13,66
87,0.5,14,92
87,0.5,15,90
87,0.5,16,61
87,0.5,17,38
87,0.5,18,24
87,0.5,19,15
87,0.5,20,8
87,0.5,21,4
87,0.75,11,5
87,0.75,12,14
87,0.75,13,28
87,0.75,14,27
87,0.75,15,48
87,0.75,16,88
87,0.75,17,108
87,0.75,18,128
87,0.75,19,108
87,0.75,20,93
87,0.75,21,56
87,0.75,22,28
87,0.75,23,15
87,0.75,24,13
87,0.75,25,7
87,0.75,26,1
87,0.75,27,1
87,1,17,1
87,1,18,3
87,1,19,4
87,1,20,5
87,1,21,13
87,1,22,16
87,1,23,27
87,1,24,61
87,1,25,73
87,1,26,101
87,1,27,137
87,1,28,147
87,1,29,127
87,1,30,110
87,1,31,86
87,1,32,54
87,1,33,27
87,1,34,13
87,1,35,8
87,1,36,7
87,1,37,3
87,1,38,1
88,0.25,5,1
88,0.25,6,4
88,0.25,7,11
88,0.25,8,22
88,0.25,9,37
88,0.25,10,52
88,0.25,11,45
88,0.25,12,39
88,0.25,13,22
88,0.25,14,15
88,0.25,15,6
88,0.25,16,2
88,0.5,9,3
88,0.5,10,7
88,0.5,11,16
88,0.5,12,30
88,0.5,13,54
88,0.5,14,76
88,0.5,15,98
88,0.5,16,85
88,0.5,17,54
88,0.5,18,40
88,0.5,19,25
88,0.5,20,14
88,0.5,21,7
88,0.5,22,3
88,0.75,10,1
88,0.75,11,1
88,0.75,12,8
88,0.75,13,9
88,0.75,14,17
88,0.75,15,45
88,0.75,16,75
88,0.75,17,95
88,0.75,18,108
88,0.75,19,100
88,0.75,20,87
88,0.75,21,78
88,0.75,22,64
88,0.75,23,36
88,0.75,24,22
88,0.75,25,11
88,0.75,26,7
88,0.75,27,4
88,1,15,2
88,1,16,4
88,1,17,8
88,1,18,8
88,1,19,7
88,1,20,18
88,1,21,34
88,1,22,50
88,1,23,78
88,1,24,114
88,1,25,122
88,1,26,108
88,1,27,118
88,1,28,104
88,1,29,81
88,1,30,62
88,1,31,43
88,1,32,26
88,1,33,21
88,1,34,11
88,1,35,5
89,0.25,6,2
89,0.25,7,4
89,0.25,8,15
89,0.25,9,23
89,0.25,10,34
89,0.25,11,39
89,0.25,12,38
89,0.25,13,35
89,0.25,14,19
89,0.25,15,21
89,0.25,16,14
89,0.25,17,9
89,0.25,18,3
89,0.5,8,1
89,0.5,9,3
89,0.5,10,4
89,0.5,11,10
89,0.5,12,20
89,0.5,13,51
89,0.5,14,66
89,0.5,15,62
89,0.5,16,46
89,0.5,17,52
89,0.5,18,56
89,0.5,19,50
89,0.5,20,34
89,0.5,21,21
89,0.5,22,16
89,0.5,23,13
89,0.5,24,4
89,0.5,25,2
89,0.5,26,1
89,0.75,11,1
89,0.75,12,2
89,0.75,13,4
89,0.75,14,9
89,0.75,15,14
89,0.75,16,43
89,0.75,17,70
89,0.75,18,75
89,0.75,19,78
89,0.75,20,79
89,0.75,21,85
89,0.75,22,81
89,0.75,23,74
89,0.75,24,57
89,0.75,25,41
89,0.75,26,20
89,0.75,27,17
89,0.75,28,12
89,0.75,29,4
89,0.75,30,1
89,0.75,31,1
89,1,18,1
89,1,20,5
89,1,21,12
89,1,22,16
89,1,23,32
89,1,24,46
89,1,25,61
89,1,26,59
89,1,27,64
89,1,28,78
89,1,29,96
89,1,30,92
89,1,31,95
89,1,32,90
89,1,33,67
89,1,34,57
89,1,35,53
89,1,36,34
89,1,37,31
89,1,38,23
89,1,39,10
89,1,40,2
90,0.25,1,1
90,0.25,2,4
90,0.25,3,3
90,0.25,4,2
90,0.25,5,10
90,0.25,6,11
90,0.25,7,16
90,0.25,8,34
90,0.25,9,47
90,0.25,10,50
90,0.25,11,42
90,0.25,12,21
90,0.25,13,11
90,0.25,14,4
90,0.5,8,4
90,0.5,9,7
90,0.5,10,3
90,0.5,11,18
90,0.5,12,41
90,0.5,13,66
90,0.5,14,75
90,0.5,15,92
90,0.5,16,83
90,0.5,17,63
90,0.5,18,37
90,0.5,19,14
90,0.5,20,6
90,0.5,21,2
90,0.5,22,1
90,0.75,10,3
90,0.75,11,1
90,0.75,12,4
90,0.75,13,9
90,0.75,14,28
90,0.75,15,36
90,0.75,16,52
90,0.75,17,72
90,0.75,18,108
90,0.75,19,106
90,0.75,20,109
90,0.75,21,89
90,0.75,22,77
90,0.75,23,41
90,0.75,24,22
90,0.75,25,10
90,0.75,26,1
90,1,16,1
90,1,17,2
90,1,18,2
90,1,19,2
90,1,20,4
90,1,21,4
90,1,22,7
90,1,23,18
90,1,24,34
90,1,25,47
90,1,26,61
90,1,27,67
90,1,28,71
90,1,29,88
90,1,30,89
90,1,31,91
90,1,32,98
90,1,33,86
90,1,34,83
90,1,35,71
90,1,36,38
90,1,37,28
90,1,38,15
90,1,39,9
90,1,40,6
90,1,41,2
91,0.25,3,1
91,0.25,4,4
91,0.25,5,10
91,0.25,6,23
91,0.25,7,33
91,0.25,8,37
91,0.25,9,33
91,0.25,10,36
91,0.25,11,36
91,0.25,12,22
91,0.25,13,11
91,0.25,14,8
91,0.25,15,2
91,0.5,4,1
91,0.5,5,3
91,0.5,6,6
91,0.5,7,14
91,0.5,8,14
91,0.5,9,16
91,0.5,10,35
91,0.5,11,44
91,0.5,12,70
91,0.5,13,67
91,0.5,14,57
91,0.5,15,51
91,0.5,16,51
91,0.5,17,35
91,0.5,18,22
91,0.5,19,15
91,0.5,20,10
91,0.5,21,1
91,0.75,8,1
91,0.75,9,2
91,0.75,10,6
91,0.75,11,16
91,0.75,12,30
91,0.75,13,42
91,0.75,14,62
91,0.75,15,75
91,0.75,16,78
91,0.75,17,83
91,0.75,18,91
91,0.75,19,80
91,0.75,20,75
91,0.75,21,53
91,0.75,22,32
91,0.75,23,19
91,0.75,24,15
91,0.75,25,7
91,0.75,26,1
91,1,16,1
91,1,17,4
91,1,18,14
91,1,19,24
91,1,20,30
91,1,21,44
91,1,22,51
91,1,23,62
91,1,24,66
91,1,25,82
91,1,26,106
91,1,27,127
91,1,28,112
91,1,29,98
91,1,30,80
91,1,31,51
91,1,32,29
91,1,33,25
91,1,34,11
91,1,35,3
91,1,36,2
91,1,37,2
92,0.25,3,2
92,0.25,4,2
92,0.25,5,3
92,0.25,6,11
92,0.25,7,22
92,0.25,8,38
92,0.25,9,43
92,0.25,10,34
92,0.25,11,30
92,0.25,12,29
92,0.25,13,22
92,0.25,14,12
92,0.25,15,6
92,0.25,16,2
92,0.5,3,1
92,0.5,4,1
92,0.5,6,1
92,0.5,7,2
92,0.5,8,5
92,0.5,9,13
92,0.5,10,22
92,0.5,11,38
92,0.5,12,58
92,0.5,13,56
92,0.5,14,54
92,0.5,15,78
92,0.5,16,72
92,0.5,17,46
92,0.5,18,36
92,0.5,19,18
92,0.5,20,7
92,0.5,21,3
92,0.5,22,1
92,0.75,8,1
92,0.75,9,2
92,0.75,10,2
92,0.75,11,4
92,0.75,12,9
92,0.75,13,22
92,0.75,14,35
92,0.75,15,54
92,0.75,16,77
92,0.75,17,81
92,0.75,18,102
92,0.75,19,96
92,0.75,20,83
92,0.75,21,74
92,0.75,22,63
92,0.75,23,39
92,0.75,24,16
92,0.75,25,5
92,0.75,26,2
92,0.75,27,1
92,1,16,1
92,1,17,6
92,1,18,9
92,1,19,6
92,1,20,14
92,1,21,20
92,1,22,31
92,1,23,57
92,1,24,55
92,1,25,62
92,1,26,84
92,1,27,101
92,1,28,107
92,1,29,105
92,1,30,107
92,1,31,76
92,1,32,74
92,1,33,59
92,1,34,26
92,1,35,14
92,1,36,6
92,1,37,2
92,1,38,1
92,1,39,1
93,0.25,4,1
93,0.25,5,6
93,0.25,6,11
93,0.25,7,24
93,0.25,8,34
93,0.25,9,43
93,0.25,10,38
93,0.25,11,34
93,0.25,12,25
93,0.25,13,21
93,0.25,14,14
93,0.25,15,4
93,0.25,16,1
93,0.5,7,2
93,0.5,8,4
93,0.5,9,10
93,0.5,10,21
93,0.5,11,39
93,0.5,12,49
93,0.5,13,54
93,0.5,14,63
93,0.5,15,76
93,0.5,16,66
93,0.5,17,61
93,0.5,18,37
93,0.5,19,17
93,0.5,20,9
93,0.5,21,3
93,0.5,22,1
93,0.75,10,1
93,0.75,11,1
93,0.75,12,11
93,0.75,13,18
93,0.75,14,27
93,0.75,15,52
93,0.75,16,74
93,0.75,17,88
93,0.75,18,99
93,0.75,19,114
93,0.75,20,93
93,0.75,21,83
93,0.75,22,52
93,0.75,23,25
93,0.75,24,22
93,0.75,25,5
93,0.75,26,2
93,0.75,27,1
93,1,18,1
93,1,19,4
93,1,20,9
93,1,21,9
93,1,22,18
93,1,23,31
93,1,24,46
93,1,25,61
93,1,26,97
93,1,27,120
93,1,28,127
93,1,29,112
93,1,30,108
93,1,31,90
93,1,32,61
93,1,33,47
93,1,34,36
93,1,35,25
93,1,36,17
93,1,37,5
94,0.25,0,1
94,0.25,1,1
94,0.25,2,2
94,0.25,3,1
94,0.25,4,5
94,0.25,5,3
94,0.25,6,9
94,0.25,7,19
94,0.25,8,35
94,0.25,9,47
94,0.25,10,43
94,0.25,11,36
94,0.25,12,31
94,0.25,13,17
94,0.25,14,5
94,0.25,15,1
94,0.5,9,7
94,0.5,10,22
94,0.5,11,38
94,0.5,12,56
94,0.5,13,74
94,0.5,14,80
94,0.5,15,77
94,0.5,16,65
94,0.5,17,49
94,0.5,18,28
94,0.5,19,11
94,0.5,20,5
94,0.75,11,3
94,0.75,12,14
94,0.75,13,22
94,0.75,14,39
94,0.75,15,59
94,0.75,16,79
94,0.75,17,88
94,0.75,18,104
94,0.75,19,111
94,0.75,20,95
94,0.75,21,65
94,0.75,22,42
94,0.75,23,24
94,0.75,24,15
94,0.75,25,5
94,0.75,26,2
94,0.75,27,1
94,1,19,2
94,1,20,5
94,1,21,7
94,1,22,11
94,1,23,22
94,1,24,33
94,1,25,43
94,1,26,79
94,1,27,99
94,1,28,120
94,1,29,130
94,1,30,119
94,1,31,119
94,1,32,97
94,1,33,60
94,1,34,36
94,1,35,23
94,1,36,13
94,1,37,2
94,1,38,3
94,1,39,1
95,0.25,3,1
95,0.25,4,2
95,0.25,5,7
95,0.25,6,6
95,0.25,7,11
95,0.25,8,22
95,0.25,9,28
95,0.25,10,47
95,0.25,11,49
95,0.25,12,44
95,0.25,13,25
95,0.25,14,9
95,0.25,15,5
95,0.5,7,1
95,0.5,8,2
95,0.5,9,5
95,0.5,10,11
95,0.5,11,10
95,0.5,12,16
95,0.5,13,30
95,0.5,14,57
95,0.5,15,80
95,0.5,16,94
95,0.5,17,78
95,0.5,18,65
95,0.5,19,35
95,0.5,20,19
95,0.5,21,6
95,0.5,22,3
95,0.75,10,3
95,0.75,11,5
95,0.75,12,4
95,0.75,13,6
95,0.75,14,15
95,0.75,15,23
95,0.75,16,42
95,0.75,17,68
95,0.75,18,89
95,0.75,19,112
95,0.75,20,132
95,0.75,21,112
95,0.75,22,78
95,0.75,23,42
95,0.75,24,17
95,0.75,25,12
95,0.75,26,3
95,0.75,27,2
95,0.75,28,2
95,0.75,29,1
95,1,21,1
95,1,22,1
95,1,24,4
95,1,25,15
95,1,26,29
95,1,27,48
95,1,28,66
95,1,29,94
95,1,30,111
95,1,31,126
95,1,32,134
95,1,33,124
95,1,34,94
95,1,35,71
95,1,36,45
95,1,37,27
95,1,38,20
95,1,39,10
95,1,40,3
95,1,41,1
96,0.25,6,2
96,0.25,7,5
96,0.25,8,13
96,0.25,9,23
96,0.25,10,27
96,0.25,11,26
96,0.25,12,36
96,0.25,13,53
96,0.25,14,40
96,0.25,15,19
96,0.25,16,9
96,0.25,17,3
96,0.5,9,3
96,0.5,10,11
96,0.5,11,17
96,0.5,12,23
96,0.5,13,35
96,0.5,14,41
96,0.5,15,65
96,0.5,16,74
96,0.5,17,79
96,0.5,18,72
96,0.5,19,46
96,0.5,20,29
96,0.5,21,11
96,0.5,22,5
96,0.5,23,1
96,0.75,11,1
96,0.75,12,11
96,0.75,13,18
96,0.75,14,27
96,0.75,15,34
96,0.75,16,54
96,0.75,17,66
96,0.75,18,91
96,0.75,19,96
96,0.75,20,102
96,0.75,21,91
96,0.75,22,81
96,0.75,23,51
96,0.75,24,30
96,0.75,25,10
96,0.75,26,4
96,0.75,27,1
96,1,18,1
96,1,19,4
96,1,20,3
96,1,21,9
96,1,22,15
96,1,23,13
96,1,24,13
96,1,25,29
96,1,26,37
96,1,27,62
96,1,28,80
96,1,29,97
96,1,30,102
96,1,31,108
96,1,32,97
96,1,33,93
96,1,34,71
96,1,35,54
96,1,36,46
96,1,37,40
96,1,38,24
96,1,39,13
96,1,40,6
96,1,41,5
96,1,42,2
97,0.25,5,3
97,0.25,6,5
97,0.25,7,15
97,0.25,8,32
97,0.25,9,40
97,0.25,10,41
97,0.25,11,44
97,0.25,12,29
97,0.25,13,20
97,0.25,14,14
97,0.25,15,6
97,0.25,16,4
97,0.25,17,2
97,0.25,18,1
97,0.5,8,2
97,0.5,9,8
97,0.5,10,7
97,0.5,11,26
97,0.5,12,49
97,0.5,13,63
97,0.5,14,82
97,0.5,15,79
97,0.5,16,58
97,0.5,17,51
97,0.5,18,42
97,0.5,19,21
97,0.5,20,13
97,0.5,21,6
97,0.5,22,4
97,0.5,23,1
97,0.75,9,4
97,0.75,10,4
97,0.75,11,3
97,0.75,12,7
97,0.75,13,21
97,0.75,14,26
97,0.75,15,58
97,0.75,16,88
97,0.75,17,105
97,0.75,18,100
97,0.75,19,90
97,0.75,20,87
97,0.75,21,67
97,0.75,22,46
97,0.75,23,34
97,0.75,24,18
97,0.75,25,8
97,0.75,26,2
97,1,16,1
97,1,17,3
97,1,18,3
97,1,19,8
97,1,20,23
97,1,21,33
97,1,22,40
97,1,23,74
97,1,24,105
97,1,25,119
97,1,26,138
97,1,27,152
97,1,28,124
97,1,29,69
97,1,30,54
97,1,31,31
97,1,32,26
97,1,33,15
97,1,34,6
98,0.25,6,1
98,0.25,7,1
98,0.25,8,7
98,0.25,9,10
98,0.25,10,21
98,0.25,11,28
98,0.25,12,53
98,0.25,13,50
98,0.25,14,34
98,0.25,15,26
98,0.25,16,16
98,0.25,17,6
98,0.25,18,2
98,0.25,19,1
98,0.5,9,1
98,0.5,10,2
98,0.5,11,9
98,0.5,12,10
98,0.5,13,18
98,0.5,14,44
98,0.5,15,70
98,0.5,16,77
98,0.5,17,80
98,0.5,18,72
98,0.5,19,51
98,0.5,20,47
98,0.5,21,17
98,0.5,22,10
98,0.5,23,4
98,0.75,10,1
98,0.75,12,2
98,0.75,13,8
98,0.75,14,12
98,0.75,15,23
98,0.75,16,32
98,0.75,17,57
98,0.75,18,85
98,0.75,19,122
98,0.75,20,111
98,0.75,21,88
98,0.75,22,79
98,0.75,23,65
98,0.75,24,34
98,0.75,25,19
98,0.75,26,17
98,0.75,27,10
98,0.75,28,3
98,1,17,1
98,1,18,4
98,1,19,9
98,1,20,10
98,1,21,16
98,1,22,45
98,1,23,60
98,1,24,71
98,1,25,111
98,1,26,122
98,1,27,119
98,1,28,115
98,1,29,94
98,1,30,66
98,1,31,53
98,1,32,55
98,1,33,38
98,1,34,21
98,1,35,10
98,1,36,3
98,1,37,1
99,0.25,5,2
99,0.25,6,9
99,0.25,7,15
99,0.25,8,25
99,0.25,9,34
99,0.25,10,45
99,0.25,11,44
99,0.25,12,36
99,0.25,13,27
99,0.25,14,13
99,0.25,15,5
99,0.25,16,1
99,0.5,6,1
99,0.5,7,1
99,0.5,8,4
99,0.5,9,5
99,0.5,10,11
99,0.5,11,25
99,0.5,12,34
99,0.5,13,54
99,0.5,14,75
99,0.5,15,83
99,0.5,16,90
99,0.5,17,58
99,0.5,18,32
99,0.5,19,22
99,0.5,20,12
99,0.5,21,5
99,0.75,10,1
99,0.75,11,4
99,0.75,12,6
99,0.75,13,10
99,0.75,14,16
99,0.75,15,32
99,0.75,16,61
99,0.75,17,76
99,0.75,18,87
99,0.75,19,112
99,0.75,20,114
99,0.75,21,105
99,0.75,22,69
99,0.75,23,42
99,0.75,24,23
99,0.75,25,9
99,0.75,26,1
99,1,17,1
99,1,18,1
99,1,19,1
99,1,20,5
99,1,21,2
99,1,22,4
99,1,23,25
99,1,24,44
99,1,25,74
99,1,26,99
99,1,27,117
99,1,28,134
99,1,29,113
99,1,30,99
99,1,31,105
99,1,32,58
99,1,33,64
99,1,34,37
99,1,35,15
99,1,36,10
99,1,37,9
99,1,38,6
99,1,39,1
